1.0	732.3333333333334
100.0	731.0
1001.0	1610.0
1002.0	956.5
1003.0	641.0
1004.0	1632.3333333333333
1005.0	1776.5
1006.0	614.0
1007.0	1944.5
1008.0	1771.6666666666667
1009.0	1626.5
101.0	1027.0
1010.0	1560.8
1011.0	1180.25
1013.0	1129.0
1014.0	1752.3333333333333
1015.0	1006.0
1016.0	1355.0
1018.0	1387.5
102.0	996.3333333333334
1020.0	1058.5
1021.0	559.0
1022.0	1214.5
1023.0	1945.0
1024.0	1546.5
1026.0	1711.0
1029.0	1537.0
1030.0	1559.75
1032.0	1282.4
1035.0	1128.0
1036.0	1368.0
1037.0	1625.0
1038.0	1309.0
1039.0	1193.75
104.0	556.0
1040.0	1218.0
1041.0	1254.0
1042.0	1800.0
1044.0	1179.0
1045.0	1231.0
1046.0	1437.3333333333333
1048.0	1244.5
1050.0	942.3333333333334
1051.0	1776.6666666666667
1052.0	2042.0
1053.0	859.0
1054.0	832.6666666666666
1055.0	1553.3333333333333
1056.0	1479.5
1057.0	1056.5
1058.0	1005.25
1059.0	1058.0
106.0	1507.25
1060.0	1955.0
1061.0	1288.0
1062.0	1074.0
1063.0	894.0
1064.0	2238.0
1065.0	1336.6666666666667
1066.0	906.0
1067.0	1426.0
1068.0	928.3333333333334
1069.0	1695.0
107.0	553.0
1070.0	824.0
1071.0	1194.0
1072.0	1169.5
1073.0	855.75
1074.0	1875.0
1076.0	1289.3333333333333
1079.0	953.0
108.0	1238.0
1080.0	920.0
1081.0	1104.6666666666667
1082.0	1772.0
1083.0	1474.75
1084.0	1790.2
1085.0	1861.5
1086.0	1355.0
1087.0	1364.5
1088.0	1375.0
109.0	1184.0
1091.0	1251.3333333333333
1092.0	1141.0
1093.0	879.3333333333334
1094.0	1168.0
1095.0	1327.0
1096.0	735.5
1097.0	1462.5
1098.0	989.5
1099.0	1338.0
11.0	996.0
110.0	1171.0
1100.0	1565.5
1101.0	1035.75
1102.0	1345.25
1103.0	1566.0
1104.0	1809.0
1105.0	1575.5
1106.0	913.25
1107.0	1482.0
1108.0	1063.0
1109.0	1727.0
1110.0	827.0
1111.0	868.6666666666666
1112.0	921.6666666666666
1113.0	651.0
1114.0	15.0
1115.0	1698.8333333333333
1116.0	898.75
1117.0	989.6666666666666
1118.0	1305.0
1119.0	1751.0
112.0	848.0
1121.0	1011.6
1123.0	1225.3333333333333
1124.0	1806.0
1125.0	962.5
1127.0	1597.6666666666667
1128.0	1217.5
1129.0	713.0
1131.0	1870.3333333333333
1132.0	1285.5
1133.0	2120.0
1135.0	1785.5
1136.0	1146.0
1138.0	753.0
1139.0	559.0
114.0	1244.6666666666667
1141.0	1370.0
1142.0	1108.3333333333333
1143.0	731.0
1144.0	2036.0
1145.0	1261.75
1146.0	1213.3333333333333
1147.0	1799.8
1148.0	1331.0
1149.0	1025.0
115.0	637.0
1150.0	1587.75
1152.0	1867.0
1153.0	1083.8
1154.0	2164.5
1155.0	1207.0
1156.0	1247.0
1157.0	1727.0
1158.0	1005.25
1159.0	1298.5
1160.0	1083.0
1161.0	2322.0
1162.0	107.5
1163.0	1055.3333333333333
1164.0	1375.75
1165.0	1905.3333333333333
1166.0	1032.0
1167.0	1633.0
1168.0	1310.5
1169.0	2136.0
1170.0	1687.5
1171.0	1249.0
1172.0	1460.6666666666667
1173.0	1614.3333333333333
1175.0	983.5
1176.0	1801.0
1177.0	1253.0
1178.0	1031.4
1179.0	1719.0
118.0	546.0
1180.0	1205.0
1181.0	753.0
1182.0	1363.75
1183.0	960.0
1184.0	457.0
1185.0	709.0
1186.0	1389.5
1187.0	1758.0
1188.0	1387.5
1189.0	1547.0
119.0	1218.0
1190.0	2128.0
1191.0	1738.0
1193.0	1304.3333333333333
1194.0	1041.6666666666667
1195.0	1105.0
1196.0	1233.6666666666667
1197.0	875.6666666666666
1198.0	1722.0
1199.0	1875.5
12.0	1210.0
1200.0	1577.5
1202.0	1590.0
1204.0	954.8333333333334
1205.0	1301.0
1206.0	1130.0
1207.0	1932.0
1208.0	1424.6666666666667
1209.0	1366.0
121.0	834.0
1211.0	735.5
1214.0	1603.0
1216.0	804.6
1217.0	1441.25
1218.0	617.5
1219.0	1360.3333333333333
1220.0	1371.7777777777778
1221.0	1951.0
1222.0	1347.0
1223.0	1532.8333333333333
1224.0	1298.6666666666667
1225.0	1111.25
1226.0	1440.5
1227.0	944.0
1228.0	1206.25
1229.0	966.5
1230.0	2013.0
1231.0	617.0
1232.0	1645.0
1233.0	1622.5714285714287
1234.0	852.0
1235.0	1258.2
1236.0	812.0
1237.0	1328.6666666666667
1238.0	1116.2
1239.0	1233.2
124.0	665.6666666666666
1240.0	1212.0
1241.0	1143.0
1244.0	716.0
1245.0	1051.0
1246.0	800.0
1248.0	1515.0
1249.0	1125.0
125.0	1201.0
1250.0	1406.0
1251.0	672.0
1252.0	957.0
1253.0	1329.0
1254.0	1636.6666666666667
1255.0	915.5
1256.0	1442.0
1257.0	1495.5
1259.0	1492.0
126.0	1778.3333333333333
1260.0	1269.1666666666667
1261.0	1516.0
1262.0	1325.5
1263.0	1321.0
1264.0	723.0
1265.0	1090.3333333333333
1267.0	1498.25
1268.0	1976.0
1269.0	1894.25
127.0	1145.0
1270.0	807.0
1271.0	1321.5
1273.0	700.0
1274.0	1299.2
1275.0	1750.0
1276.0	906.5
1277.0	1777.5
1279.0	1644.0
128.0	2276.5
1280.0	1848.5
1281.0	1057.3333333333333
1282.0	1063.3333333333333
1283.0	607.0
1284.0	1113.0
1285.0	771.0
1286.0	1515.5
1287.0	1138.6
1288.0	1448.0
1289.0	1434.5
129.0	706.0
1290.0	1746.0
1291.0	1603.0
1292.0	1001.0
1293.0	1333.75
1294.0	982.5
1295.0	1454.75
1296.0	645.0
1297.0	1538.4
1298.0	1366.75
1299.0	1161.8333333333333
130.0	1285.5
1300.0	1338.0
1301.0	1246.3333333333333
1302.0	1845.0
1303.0	1366.6666666666667
1304.0	1000.0
1305.0	1790.4
1306.0	1119.142857142857
1307.0	1616.0
1308.0	2217.5
1309.0	1310.3333333333333
131.0	1332.0
1310.0	1707.5
1311.0	914.3333333333334
1312.0	554.0
1314.0	2106.0
1315.0	1334.0
1316.0	997.5
1317.0	1340.0
1318.0	1258.6666666666667
1319.0	1836.6666666666667
1320.0	701.0
1322.0	1648.0
1323.0	1262.0
1324.0	1336.6
1325.0	2081.0
1326.0	1003.3333333333334
1327.0	1286.3333333333333
1328.0	1746.2
1329.0	1399.0
1330.0	1653.0
1333.0	1529.3333333333333
1334.0	1126.5
1335.0	2249.0
1336.0	2100.0
1337.0	1281.5
1338.0	1350.2
1339.0	1284.0
134.0	1501.3333333333333
1340.0	742.2
1341.0	1270.8
1342.0	1176.0
1344.0	759.6666666666666
1345.0	2352.0
1346.0	1722.0
1347.0	791.6
1348.0	812.0
1349.0	1514.0
135.0	1954.0
1350.0	1301.5
1351.0	1914.3333333333333
1352.0	1759.0
1353.0	1439.5
1354.0	1699.0
1356.0	1556.6666666666667
1357.0	1946.0
1358.0	1462.5
136.0	629.0
1360.0	516.0
1361.0	1068.0
1362.0	1039.0
1363.0	1460.0
1365.0	1305.75
1366.0	1657.0
1368.0	1641.6
1369.0	1420.0
1370.0	1740.0
1371.0	978.25
1372.0	1070.5
1373.0	1260.75
1374.0	1405.6666666666667
1375.0	1004.2857142857143
1376.0	733.0
1378.0	694.75
138.0	1334.0
1380.0	1244.5
1381.0	1497.5
1382.0	1222.5
1384.0	2356.0
1385.0	822.0
1386.0	1778.0
1387.0	859.0
1388.0	1291.0
1389.0	1528.0
139.0	724.0
1390.0	747.0
1391.0	1479.0
1392.0	1029.5
1393.0	966.3333333333334
1394.0	1255.5
1395.0	808.3333333333334
1396.0	1402.5714285714287
1397.0	1587.0
1398.0	1985.5
1399.0	1402.0
14.0	1144.0
140.0	1882.5
1400.0	1373.5
1401.0	1916.6666666666667
1402.0	871.25
1403.0	2175.5
1404.0	1466.0
1406.0	1247.0
1407.0	1824.0
1408.0	1211.0
141.0	1800.0
1410.0	953.6666666666666
1411.0	1298.5
1412.0	717.5
1413.0	1575.3333333333333
1414.0	1238.1666666666667
1415.0	920.5
1416.0	1388.0
1418.0	652.0
1419.0	1119.0
1420.0	1716.3333333333333
1421.0	598.0
1422.0	1663.75
1423.0	1507.25
1424.0	1317.0
1425.0	586.5
1426.0	1059.2
1427.0	1143.0
1428.0	1310.0
1429.0	798.6666666666666
143.0	1386.0
1430.0	1248.0
1431.0	1386.5
1432.0	1616.0
1433.0	709.0
1434.0	1409.0
1436.0	1418.5
1437.0	826.0
1438.0	1168.6666666666667
1439.0	1671.0
144.0	723.0
1440.0	1183.3333333333333
1441.0	1319.0
1442.0	1311.5
1443.0	979.0
1446.0	1144.0
1447.0	965.0
1448.0	1369.8333333333333
1449.0	1140.5
145.0	755.0
1450.0	742.0
1451.0	1177.8
1452.0	1459.6
1453.0	1381.0
1454.0	1428.0
1456.0	1189.0
1457.0	1440.0
1458.0	1531.0
1459.0	1409.0
146.0	1626.0
1460.0	1441.0
1461.0	1818.0
1462.0	629.0
1463.0	1020.6666666666666
1464.0	734.0
1465.0	1210.3333333333333
1467.0	1676.0
1468.0	1850.5
1469.0	1503.3333333333333
147.0	1286.0
1470.0	1528.6
1471.0	1916.0
1472.0	923.6
1473.0	1479.25
1474.0	1548.0
1475.0	553.0
1477.0	1545.0
1479.0	1803.0
148.0	1633.0
1480.0	1265.0
1481.0	1036.0
1482.0	1104.6666666666667
1483.0	1748.5
1484.0	1624.6666666666667
1485.0	1433.6666666666667
1486.0	1174.0
1487.0	1409.6
1488.0	1299.5
1489.0	2000.0
1490.0	759.0
1491.0	1341.0
1492.0	804.0
1493.0	899.5
1494.0	1245.2
1495.0	1306.75
1497.0	1565.25
1498.0	1130.3333333333333
1499.0	881.0
15.0	1157.0
1500.0	1501.0
1501.0	1361.6666666666667
1502.0	1807.6666666666667
1503.0	923.8
1504.0	1437.8
1505.0	998.0
1506.0	806.0
1507.0	2049.0
1508.0	558.0
1509.0	1523.0
1510.0	1528.5
1511.0	1584.0
1513.0	1100.0
1514.0	1529.75
1515.0	1049.0
1516.0	1628.0
1517.0	1135.75
1518.0	1490.5
1519.0	1239.3333333333333
152.0	1272.5
1520.0	1309.0
1521.0	2131.0
1522.0	1478.3333333333333
1523.0	503.0
1524.0	1057.75
1525.0	1561.5
1526.0	1036.0
1527.0	1586.0
1528.0	729.3333333333334
1529.0	1461.4
1530.0	1767.0
1531.0	1436.0
1532.0	1247.0
1533.0	1559.0
1534.0	1249.6666666666667
1536.0	523.0
1537.0	651.0
1538.0	1746.0
1539.0	1301.6666666666667
1540.0	1093.0
1541.0	2035.0
1542.0	624.25
1544.0	943.5
1545.0	1142.0
1547.0	1347.6666666666667
1548.0	991.3333333333334
155.0	1835.0
1550.0	1629.0
1551.0	1415.2
1552.0	1373.2
1553.0	982.3333333333334
1554.0	1330.5
1555.0	883.5
1556.0	943.0
1557.0	946.0
1558.0	750.0
1559.0	1407.75
1560.0	579.0
1561.0	788.0
1562.0	1119.5
1563.0	1307.3333333333333
1564.0	1427.3333333333333
1565.0	1224.0
1566.0	1850.5
1567.0	700.0
1568.0	1325.0
1569.0	1710.6
157.0	1205.0
1570.0	1541.5
1572.0	1818.5
1573.0	2127.0
1574.0	990.5
1575.0	1046.3333333333333
1576.0	1587.6
1577.0	1558.0
1578.0	1806.3333333333333
158.0	1138.0
1580.0	1008.0
1581.0	1396.6666666666667
1582.0	1436.0
1583.0	658.0
1584.0	1620.0
1585.0	961.3333333333334
1586.0	1379.3333333333333
1587.0	1780.0
1588.0	1973.5
1589.0	1386.3333333333333
1590.0	806.0
1592.0	1394.25
1593.0	1088.0
1594.0	2003.0
1595.0	1385.0
1596.0	1144.0
1598.0	1445.0
1599.0	2035.0
16.0	1159.0
1600.0	1338.3333333333333
1601.0	1426.3333333333333
1602.0	907.0
1603.0	1385.0
1604.0	1370.0
1605.0	1686.0
1606.0	1205.0
1607.0	1090.0
1608.0	1156.6666666666667
1609.0	1346.5
161.0	526.0
1610.0	747.3333333333334
1611.0	995.0
1612.0	522.0
1613.0	1483.0
1614.0	690.5
1615.0	1606.0
1616.0	999.0
1617.0	1056.7142857142858
1618.0	2237.0
162.0	458.0
1620.0	1540.0
1621.0	922.0
1622.0	1290.0
1623.0	1277.5
1625.0	1336.0
1626.0	1721.5
1627.0	1098.5
1628.0	678.0
1629.0	1419.0
163.0	866.0
1631.0	1053.0
1632.0	1834.5
1633.0	2141.0
1634.0	1626.0
1635.0	865.75
1636.0	1240.5
1637.0	1313.0
1638.0	1540.0
1639.0	1622.3333333333333
164.0	1191.0
1640.0	1933.0
1641.0	1104.0
1642.0	1456.3333333333333
1643.0	944.0
1644.0	1061.25
1645.0	1236.8333333333333
1646.0	1238.0
1648.0	702.0
1649.0	1277.0
165.0	1432.0
1650.0	1306.0
1651.0	1329.0
1652.0	1492.0
1653.0	1337.0
1654.0	1381.5
1655.0	805.0
1657.0	607.0
1658.0	1113.6666666666667
1659.0	1393.0
166.0	2138.0
1660.0	1461.1666666666667
1661.0	819.0
1662.0	1109.3333333333333
1663.0	1820.0
1664.0	822.5
1665.0	1106.5
1666.0	831.0
1667.0	799.0
1668.0	933.0
1669.0	1373.75
167.0	1845.0
1670.0	1076.6666666666667
1671.0	602.0
1672.0	852.0
1673.0	1068.0
1674.0	970.5
1675.0	1343.0
1676.0	1270.8
1677.0	1559.3333333333333
1678.0	1101.0
1679.0	1689.0
168.0	1449.0
1680.0	1308.0
1681.0	1223.5
1682.0	1455.2
1683.0	1435.75
1684.0	892.5
1685.0	1411.0
1686.0	1394.0
1687.0	1110.0
1688.0	1623.0
1689.0	992.5
169.0	1775.0
1690.0	1407.5
1691.0	1112.0
1692.0	1343.0
1693.0	1401.0
1694.0	1054.0
1695.0	1818.0
1696.0	1704.0
1697.0	1143.0
1698.0	1529.5
1699.0	1005.0
1700.0	1791.3333333333333
1701.0	1030.4
1702.0	1140.6666666666667
1703.0	1374.0
1704.0	1058.3333333333333
1705.0	1785.5
1706.0	761.0
1708.0	1526.6666666666667
171.0	700.6
1710.0	804.0
1711.0	1673.2
1712.0	920.0
1713.0	1338.3333333333333
1714.0	874.5
1715.0	1503.0
1716.0	1158.5
1717.0	549.0
1718.0	1956.5
1719.0	1425.5
172.0	655.0
1720.0	1342.0
1721.0	1227.5
1722.0	1240.0
1723.0	544.0
1724.0	1630.0
1725.0	1456.25
1726.0	1682.0
1728.0	1176.75
1729.0	1240.3333333333333
173.0	648.0
1730.0	2165.0
1731.0	659.0
1732.0	1173.0
1733.0	1674.0
1734.0	1092.6666666666667
1735.0	1501.25
1736.0	1410.0
1737.0	1355.25
1738.0	2266.0
1739.0	1677.0
174.0	822.0
1740.0	1475.5
1741.0	948.0
1742.0	1555.0
1743.0	1134.6666666666667
1746.0	2244.0
1747.0	1790.5
1748.0	1615.5
1749.0	1869.0
1751.0	2218.0
1753.0	1205.0
1754.0	1174.0
1755.0	929.5
1757.0	1158.3333333333333
1758.0	1920.0
1761.0	1657.0
1762.0	1740.0
1763.0	1079.5
1764.0	1181.0
1766.0	1651.0
1767.0	1252.0
1768.0	1095.3333333333333
1769.0	1934.3333333333333
1770.0	1106.6666666666667
1771.0	1816.0
1772.0	1373.0
1773.0	1635.0
1774.0	1826.0
1775.0	1670.5
1776.0	1937.0
1777.0	1431.0
1778.0	720.0
1779.0	1171.0
1780.0	1349.0
1781.0	1201.5
1782.0	1784.0
1783.0	1635.6666666666667
1786.0	1883.6666666666667
1787.0	2146.0
1788.0	1400.0
1789.0	1207.3333333333333
179.0	818.0
1790.0	1288.3333333333333
1791.0	1463.3333333333333
1792.0	1709.6666666666667
1793.0	1324.0
1796.0	1388.0
1797.0	1733.5
1798.0	1064.8
1799.0	1431.6666666666667
18.0	1233.1666666666667
1801.0	1733.0
1802.0	1329.5
1803.0	1519.0
1804.0	1827.0
1805.0	1045.0
1806.0	703.0
1807.0	1440.3333333333333
1808.0	2103.0
181.0	1092.0
1810.0	1603.0
1811.0	943.5
1812.0	1111.0
1813.0	1541.0
1814.0	1526.0
1815.0	557.0
1816.0	943.0
1819.0	1027.0
182.0	53.0
1821.0	1033.0
1822.0	1654.0
1823.0	357.0
1824.0	1095.0
1826.0	2001.0
1827.0	1349.0
1828.0	1105.5
1829.0	2232.0
183.0	838.0
1830.0	1335.0
1832.0	1618.0
1833.0	1448.0
1834.0	1321.5
1836.0	1278.5
1837.0	1539.0
1839.0	947.6666666666666
184.0	1113.6666666666667
1840.0	2141.0
1841.0	1510.0
1842.0	1965.3333333333333
1843.0	2009.0
1844.0	1366.0
1846.0	625.0
1847.0	793.0
1848.0	1300.0
1849.0	2203.0
185.0	627.0
1850.0	672.0
1851.0	1140.5
1853.0	1931.0
1854.0	734.0
1855.0	1308.0
1857.0	1737.3333333333333
1858.0	1339.0
1859.0	1075.6666666666667
1860.0	1408.5
1862.0	1012.0
1863.0	1629.0
1864.0	1142.5
1865.0	1010.6666666666666
1866.0	796.6666666666666
1869.0	1226.0
187.0	1321.0
1871.0	1035.0
1872.0	1509.75
1873.0	1331.0
1875.0	2134.0
1876.0	1703.6666666666667
1877.0	1116.5
1878.0	1402.8333333333333
188.0	931.6666666666666
1880.0	1398.4
1881.0	816.5
1882.0	1287.6666666666667
1883.0	745.0
1884.0	701.0
1885.0	726.0
1886.0	2249.0
1887.0	1173.0
1888.0	1928.0
1889.0	1000.0
189.0	1029.2
1890.0	1052.25
1891.0	1256.3333333333333
1893.0	2044.0
1895.0	959.0
1896.0	1195.0
1898.0	1030.0
19.0	1166.0
190.0	1050.0
1900.0	1840.0
1901.0	1755.0
1902.0	763.75
1904.0	1678.0
1905.0	1509.3333333333333
1906.0	858.0
1907.0	1700.3333333333333
1908.0	973.0
1909.0	606.0
191.0	1936.0
1911.0	786.0
1912.0	1238.0
1913.0	1455.0
1914.0	1676.8
1915.0	1253.8333333333333
1916.0	1269.0
1917.0	1036.0
1918.0	716.0
1919.0	1404.75
192.0	1890.0
1920.0	948.0
1921.0	1119.0
1922.0	1738.6666666666667
1923.0	1307.75
1924.0	1230.0
1925.0	1826.0
1926.0	1612.0
1927.0	1076.0
1928.0	1639.0
1929.0	1132.5
193.0	678.5
1930.0	1776.0
1931.0	1392.0
1934.0	804.0
1935.0	1355.6
1936.0	1276.3333333333333
1937.0	2126.0
1938.0	1249.0
1939.0	1915.0
194.0	645.0
1941.0	1325.5
1942.0	1828.25
1944.0	1739.0
1945.0	1913.0
1946.0	1484.6666666666667
1947.0	1250.0
1949.0	1136.3333333333333
195.0	1019.5
1950.0	1224.0
1951.0	1549.0
1952.0	1103.75
1953.0	1496.5
1954.0	1263.25
1955.0	948.0
1956.0	540.0
1957.0	1226.5
1958.0	624.0
1959.0	1029.0
196.0	1230.6666666666667
1960.0	683.6666666666666
1961.0	1344.0
1962.0	1255.0
1964.0	1523.0
1966.0	653.3333333333334
1967.0	1324.0
1968.0	929.0
1969.0	1533.0
197.0	1493.0
1970.0	1524.0
1971.0	1334.0
1972.0	1604.3333333333333
1974.0	1258.6666666666667
1976.0	1280.0
1977.0	727.5
1978.0	1452.0
1979.0	873.3333333333334
198.0	1067.1666666666667
1980.0	1828.0
1981.0	1100.0
1983.0	1304.0
1984.0	1531.0
1986.0	1032.5
1987.0	1517.0
1988.0	1032.5
1989.0	1669.6666666666667
1990.0	1909.75
1991.0	1811.0
1992.0	1209.2
1995.0	2327.0
1996.0	1501.0
1997.0	456.0
1999.0	1703.0
2.0	924.4
20.0	1426.0
200.0	1437.5
2000.0	1805.0
2001.0	1304.0
2002.0	1665.3333333333333
2003.0	1378.5
2004.0	1110.0
2005.0	1184.0
2006.0	1516.0
2007.0	583.0
2008.0	704.0
2009.0	1447.0
201.0	875.0
2010.0	1318.3333333333333
2011.0	1408.75
2012.0	1687.4
2013.0	1352.8
2014.0	1340.25
2015.0	1546.0
2016.0	1384.0
2017.0	1589.6666666666667
2018.0	1956.0
202.0	956.0
2020.0	1582.75
2021.0	1027.6666666666667
2022.0	1558.0
2023.0	658.0
2024.0	1375.6666666666667
2025.0	1386.6
2026.0	1253.0
2027.0	1435.6666666666667
2028.0	1141.0
2029.0	934.8
203.0	1123.5
2030.0	1163.4
2031.0	1713.5
2033.0	1714.0
2034.0	1716.6666666666667
2036.0	1841.0
2037.0	1890.3333333333333
2038.0	1385.3333333333333
2039.0	844.5
204.0	1151.5
2040.0	1007.0
2042.0	853.6
2043.0	1000.0
2044.0	1316.0
2045.0	1035.6
2046.0	1348.5
2047.0	1455.75
2048.0	1943.5
2049.0	1391.0
205.0	1211.0
2050.0	1341.8333333333333
2051.0	1117.0
2052.0	1105.0
2053.0	982.5
2054.0	1814.8
2055.0	1221.3333333333333
2056.0	1950.0
2057.0	647.0
2058.0	1178.5
2059.0	1384.75
2060.0	1934.0
2061.0	1686.0
2062.0	1426.0
2063.0	824.3333333333334
2064.0	657.0
2066.0	1320.0
2067.0	1379.5
2068.0	1638.3333333333333
207.0	2041.0
2070.0	1290.0
2071.0	1521.25
2072.0	1045.0
2073.0	1117.3333333333333
2075.0	1734.0
2076.0	2013.0
2077.0	1912.0
2078.0	1810.0
2079.0	903.0
208.0	1372.3333333333333
2080.0	1273.5
2081.0	1843.0
2082.0	1625.3333333333333
2083.0	1734.0
2084.0	1061.3333333333333
2085.0	864.0
2086.0	1609.5
2087.0	1539.0
2088.0	1750.3333333333333
2089.0	1625.5
209.0	1629.0
2090.0	2043.0
2091.0	1788.0
2092.0	1407.6666666666667
2093.0	1107.5
2095.0	1484.6666666666667
2096.0	1933.25
2097.0	1858.5
2098.0	1020.5
2099.0	1405.0
210.0	1115.5
2100.0	1558.6666666666667
2101.0	1458.5
2102.0	37.0
2103.0	1470.0
2104.0	1448.75
2105.0	1646.75
2107.0	1566.3333333333333
2108.0	821.0
2109.0	1458.3333333333333
211.0	1711.0
2110.0	1527.5
2111.0	1783.6666666666667
2112.0	1618.0
2113.0	847.5
2114.0	1059.8
2115.0	1559.0
2116.0	952.0
2117.0	1739.8
2118.0	1151.0
2119.0	865.0
212.0	1546.75
2120.0	2078.5
2121.0	1016.5
2122.0	1839.0
2123.0	582.3333333333334
2124.0	1162.75
2126.0	1984.5
2127.0	1042.6666666666667
2128.0	1082.0
2129.0	1357.0
2130.0	1299.0
2131.0	659.0
2132.0	1978.0
2133.0	894.3333333333334
2134.0	1510.3333333333333
2135.0	1007.0
2136.0	1196.3333333333333
2138.0	1929.0
214.0	1230.0
2140.0	1692.5
2141.0	1362.2857142857142
2142.0	1581.2
2143.0	1053.5
2144.0	328.0
2145.0	1215.4
2146.0	1435.0
2147.0	1270.5555555555557
2148.0	1825.0
215.0	1392.0
2150.0	1329.5
2152.0	1640.4
2153.0	1193.8
2155.0	1669.4
2156.0	2010.0
2157.0	1753.0
2158.0	1232.5
2159.0	1284.3333333333333
216.0	1333.6666666666667
2160.0	1039.5
2161.0	1567.0
2162.0	516.0
2163.0	1066.0
2164.0	1081.0
2165.0	657.0
2167.0	800.0
2168.0	1517.0
2169.0	1100.5
2170.0	1674.5
2171.0	1254.0
2172.0	1719.3333333333333
2174.0	1258.0
2175.0	1977.0
2176.0	1475.5
2178.0	2033.0
2179.0	2304.0
218.0	658.0
2180.0	2117.0
2181.0	1485.0
2182.0	1715.3333333333333
2184.0	1737.0
2185.0	1801.3333333333333
2186.0	1432.0
2187.0	1468.5
2188.0	1597.3333333333333
2189.0	1633.0
219.0	940.0
2190.0	1510.0
2191.0	1603.0
2192.0	1124.25
2193.0	1225.3333333333333
2194.0	1011.8
2195.0	1062.6666666666667
2196.0	940.0
2197.0	1729.5
2198.0	1895.5
2199.0	1658.5
22.0	1319.0
220.0	1943.0
2200.0	937.0
2201.0	924.0
2202.0	2041.5
2203.0	1337.5
2205.0	1660.0
2206.0	1244.0
2207.0	1421.3333333333333
2208.0	1207.0
2209.0	1327.3333333333333
2210.0	1560.3333333333333
2211.0	1880.0
2212.0	1306.3333333333333
2213.0	1743.0
2215.0	1304.5
2216.0	1206.0
2217.0	1359.5
2218.0	1075.75
2219.0	512.0
222.0	1287.5
2221.0	1420.0
2222.0	1306.0
2223.0	1522.0
2224.0	1749.0
2225.0	1956.0
2226.0	1274.5714285714287
2228.0	1479.5
2229.0	1161.0
223.0	706.0
2230.0	923.3333333333334
2231.0	1339.0
2233.0	1178.75
2234.0	1351.0
2235.0	1200.0
2236.0	705.0
2237.0	1820.0
2238.0	1460.6
2239.0	1293.0
224.0	1299.0
2240.0	1397.6666666666667
2241.0	1558.0
2242.0	1852.0
2243.0	1707.0
2244.0	1740.5
2245.0	1706.0
2247.0	743.3333333333334
2248.0	1060.0
2249.0	1126.5
225.0	1818.5
2250.0	2128.0
2251.0	1500.25
2252.0	1570.5
2253.0	1380.6666666666667
2254.0	1290.0
2255.0	1258.0
2256.0	1305.0
2257.0	1430.0
2258.0	1085.3333333333333
2259.0	1093.5
2261.0	723.6666666666666
2264.0	1179.4
2265.0	1322.0
2266.0	1630.0
2267.0	2087.5
2268.0	1812.0
2269.0	1284.0
2270.0	1083.3333333333333
2274.0	1327.5
2275.0	1240.0
2276.0	1676.0
2277.0	1773.0
2278.0	1620.0
2280.0	1162.0
2281.0	2129.0
2282.0	1299.2
2283.0	1477.4
2284.0	1629.25
2285.0	996.3333333333334
2286.0	1607.0
2287.0	1193.0
2289.0	1543.3333333333333
229.0	694.0
2290.0	1016.6
2291.0	1126.8
2292.0	984.0
2293.0	1117.4
2294.0	1005.75
2295.0	1269.5
2296.0	1825.0
2297.0	1648.2
2298.0	1458.3333333333333
2299.0	626.0
230.0	1276.5
2300.0	1548.0
2301.0	1272.3333333333333
2302.0	1263.3333333333333
2303.0	1690.6666666666667
2304.0	1192.75
2305.0	1671.5
2308.0	1204.0
2309.0	1016.0
231.0	596.5
2310.0	1551.5
2311.0	946.0
2312.0	907.25
2313.0	1076.75
2314.0	1231.0
2315.0	957.6666666666666
2316.0	1217.7142857142858
2317.0	1217.3333333333333
2319.0	1159.0
232.0	1233.3333333333333
2320.0	1185.3333333333333
2321.0	1277.0
2322.0	1381.5
2323.0	1577.2
2324.0	954.0
2325.0	1040.0
2326.0	678.5
2327.0	1677.6666666666667
2328.0	952.0
2329.0	1532.0
233.0	1923.0
2330.0	1033.0
2331.0	1886.0
2332.0	1414.0
2333.0	1329.25
2334.0	1477.6666666666667
2335.0	1225.0
2336.0	821.0
2337.0	1040.0
2338.0	738.5
2339.0	1330.0
234.0	648.0
2340.0	1388.0
2341.0	1073.5
2343.0	1495.25
2345.0	1816.0
2346.0	2140.0
2348.0	1066.0
2349.0	1319.0
2350.0	1323.0
2351.0	1667.0
2352.0	1201.0
2353.0	1039.5
2354.0	808.0
2355.0	2309.0
2356.0	1233.5
2357.0	1330.8
2358.0	1006.0
2359.0	929.3333333333334
2360.0	1722.0
2361.0	1602.5
2362.0	729.0
2363.0	1543.0
2364.0	1674.5
2365.0	1850.0
2366.0	1209.1666666666667
2367.0	1725.0
2368.0	1253.0
2369.0	596.5
237.0	811.6666666666666
2370.0	1227.0
2371.0	1116.0
2373.0	1170.5
2374.0	1408.142857142857
2375.0	1103.3333333333333
2376.0	1310.3333333333333
2377.0	528.0
2378.0	1767.25
2379.0	1600.0
238.0	1336.3333333333333
2380.0	1214.0
2381.0	1388.5
2382.0	1054.5
2383.0	1666.0
2384.0	805.0
2385.0	1404.0
2387.0	1053.0
2388.0	930.0
2389.0	1650.0
239.0	1266.4
2390.0	1965.0
2391.0	1921.0
2392.0	1372.0
2393.0	1541.25
2394.0	1537.0
2395.0	1439.0
2396.0	1228.3333333333333
2397.0	964.0
2398.0	1547.5
2399.0	1556.0
240.0	644.0
2400.0	604.0
2401.0	1045.0
2403.0	1213.3333333333333
2404.0	1243.0
2405.0	2026.0
2406.0	1282.0
2407.0	881.5
2408.0	1945.0
2409.0	1746.5
241.0	1328.0
2410.0	1472.6666666666667
2411.0	1745.0
2412.0	758.0
2414.0	1542.0
2416.0	1523.6666666666667
2417.0	1055.0
2418.0	2306.0
2419.0	1853.0
2420.0	747.0
2421.0	1562.0
2423.0	2230.0
2426.0	538.0
2429.0	1004.3333333333334
2430.0	1210.6666666666667
2431.0	685.5
2432.0	893.5
2433.0	1923.0
2435.0	1079.5
2437.0	1351.2857142857142
2438.0	1255.75
2439.0	925.75
244.0	1907.0
2440.0	559.0
2441.0	2017.5
2442.0	701.0
2444.0	1428.0
2446.0	1632.3333333333333
2447.0	1225.5
2448.0	1094.4
2449.0	1124.5
245.0	459.0
2450.0	1269.5
2451.0	1320.0
2452.0	1127.3333333333333
2453.0	1172.0
2454.0	1487.0
2455.0	1032.5
2456.0	1096.0
2457.0	1080.0
2458.0	990.5
2459.0	1729.0
246.0	1078.0
2460.0	1734.8
2461.0	1492.5
2462.0	1539.0
2463.0	761.5
2464.0	1818.5
2465.0	1250.3333333333333
2466.0	1033.0
2467.0	1460.3333333333333
2468.0	1429.6666666666667
2469.0	1299.0
247.0	551.5
2470.0	1151.2
2471.0	1796.0
2472.0	1198.4
2473.0	1031.4
2474.0	951.75
2475.0	1030.5
2476.0	1021.0
2477.0	876.5
2478.0	1856.0
2479.0	1717.0
2480.0	1360.0
2481.0	871.5
2482.0	729.0
2483.0	1326.0
2484.0	1687.1666666666667
2485.0	1228.5
2487.0	714.0
2488.0	2014.5
2489.0	641.0
249.0	751.0
2490.0	1053.0
2491.0	606.5
2492.0	875.0
2493.0	1248.25
2494.0	1945.0
2496.0	1410.0
2497.0	502.0
2498.0	825.5
2499.0	1117.5
250.0	1051.0
2500.0	701.0
2502.0	1608.5
2503.0	549.0
2504.0	1349.0
2505.0	1436.0
2506.0	1986.0
2507.0	1422.5
2508.0	1420.2
251.0	1031.5
2510.0	1695.5
2511.0	1573.0
2512.0	1726.5
2513.0	1242.5
2514.0	1827.0
2515.0	1222.8
2517.0	1122.5
2518.0	1445.75
2521.0	1550.3333333333333
2522.0	1020.0
2523.0	1452.5
2524.0	1481.0
2525.0	1706.0
2526.0	1555.5
2527.0	1121.0
2528.0	1342.0
2529.0	1466.0
253.0	1144.0
2531.0	681.0
2532.0	1187.0
2533.0	1832.5
2534.0	1219.5
2535.0	1182.6666666666667
2537.0	2046.0
2538.0	1274.5
2539.0	1546.0
254.0	1461.0
2540.0	531.0
2543.0	1333.0
2544.0	1357.5
2545.0	900.0
2548.0	1929.0
2549.0	1168.0
255.0	1333.2
2550.0	1216.0
2551.0	1404.0
2552.0	838.5
2553.0	895.3333333333334
2554.0	1603.0
2555.0	1275.5
2556.0	768.0
2559.0	2022.0
256.0	1356.0
2560.0	1439.0
2561.0	1713.0
2562.0	748.0
2564.0	1704.0
2565.0	2150.0
2566.0	815.0
2567.0	2348.0
2568.0	1565.8333333333333
2569.0	850.0
2570.0	730.0
2571.0	2018.0
2572.0	1220.0
2573.0	1259.8
2574.0	1585.3333333333333
2576.0	1807.0
2577.0	1524.5
2578.0	2049.0
2579.0	1716.3333333333333
2580.0	754.0
2581.0	839.0
2582.0	835.0
2583.0	2143.0
2584.0	1591.3333333333333
2585.0	935.0
2586.0	749.0
2587.0	1371.0
2589.0	1902.5
259.0	1843.0
2590.0	1028.0
2592.0	1092.6666666666667
2593.0	1861.5
2594.0	1270.3333333333333
2595.0	455.0
2596.0	824.0
2597.0	1397.25
2598.0	1655.4
2599.0	1519.0
26.0	1190.5
260.0	552.0
2600.0	2051.0
2601.0	1725.0
2602.0	1268.5
2603.0	1723.0
2604.0	1810.0
2605.0	624.0
2606.0	778.0
2608.0	1848.0
2609.0	1530.0
261.0	1658.0
2610.0	1202.0
2611.0	1651.5
2612.0	1572.0
2613.0	1581.0
2614.0	627.0
2615.0	1838.0
2617.0	1607.0
2619.0	1147.0
262.0	1932.0
2620.0	1341.0
2621.0	1320.2
2622.0	1373.8
2623.0	1351.0
2624.0	1137.0
2625.0	726.0
2626.0	1633.0
2627.0	2224.0
2628.0	1701.0
2629.0	1372.0
263.0	1345.0
2630.0	1783.75
2631.0	1332.0
2633.0	1246.4
2634.0	834.5
2635.0	1900.0
2636.0	1462.0
2637.0	1224.0
2638.0	1388.0
2639.0	979.3333333333334
2640.0	1190.3333333333333
2641.0	1705.0
2642.0	2242.0
2644.0	1325.0
2645.0	1171.0
2646.0	1171.3333333333333
2647.0	1764.3333333333333
2648.0	1467.0
265.0	1620.0
2650.0	1188.5
2651.0	1074.0
2653.0	2302.0
2654.0	1415.0
2655.0	1147.0
2656.0	1730.0
2657.0	788.5
2658.0	1832.0
2659.0	1537.75
266.0	1129.0
2660.0	2118.0
2661.0	1200.0
2662.0	1620.0
2663.0	1405.0
2664.0	922.0
2666.0	1518.6666666666667
2667.0	1513.0
2668.0	1373.0
2669.0	886.0
267.0	1009.3333333333334
2670.0	1326.0
2672.0	1238.6666666666667
2673.0	1373.0
2674.0	1150.25
2675.0	1313.0
2677.0	885.75
2678.0	928.0
2679.0	1424.25
268.0	1026.0
2680.0	949.75
2681.0	1908.0
2682.0	1642.25
2683.0	1066.4
2684.0	1024.0
2685.0	1134.0
2686.0	1865.5
2687.0	1684.0
2688.0	759.0
2689.0	826.0
269.0	1479.5
2690.0	1525.0
2692.0	670.5
2693.0	934.0
2695.0	1271.5
2696.0	1936.0
2697.0	1627.0
2698.0	1746.6666666666667
2699.0	1826.25
270.0	1858.0
2701.0	1602.4
2702.0	1067.6666666666667
2703.0	1237.5
2704.0	1189.0
2705.0	1005.0
2706.0	715.0
2707.0	1424.0
2709.0	1132.0
271.0	704.0
2710.0	600.0
2711.0	1264.5
2714.0	731.0
2715.0	2023.0
2716.0	1570.375
2717.0	1738.0
2718.0	1148.3333333333333
2719.0	1170.5
2720.0	1035.2857142857142
2721.0	1866.5
2722.0	1002.3333333333334
2723.0	1587.0
2724.0	1283.0
2725.0	1073.0
2726.0	1522.0
2727.0	1940.0
2729.0	1750.0
2730.0	1545.0
2731.0	1487.5
2732.0	2092.5
2733.0	1144.0
2734.0	2121.0
2735.0	1621.5
2736.0	1506.0
2737.0	2121.0
2738.0	1755.0
274.0	1073.25
2740.0	1440.6666666666667
2741.0	1634.0
2743.0	1929.0
2745.0	849.0
2746.0	974.6666666666666
2748.0	757.0
275.0	1400.0
2750.0	2045.5
2752.0	1905.0
2753.0	1831.0
2754.0	1428.0
2755.0	1009.0
2756.0	1338.5
2758.0	2302.0
2759.0	1401.0
276.0	1225.6666666666667
2760.0	1773.0
2762.0	1238.25
2763.0	1513.0
2764.0	1112.6666666666667
2765.0	1237.0
2766.0	1437.0
2767.0	552.0
2768.0	1556.0
2769.0	936.0
277.0	1643.2
2771.0	2222.0
2772.0	2007.0
2773.0	438.5
2775.0	1179.0
2776.0	1296.0
2778.0	1707.5
2779.0	1122.0
278.0	1216.5
2783.0	1131.0
2784.0	1517.3333333333333
2785.0	1533.5
2786.0	1152.0
2787.0	604.0
2788.0	757.0
2789.0	1330.0
279.0	1654.5
2790.0	1236.3333333333333
2791.0	1914.0
2792.0	639.5
2793.0	1468.5
2794.0	2179.5
2795.0	1676.5
2796.0	1737.0
2797.0	1590.6666666666667
2798.0	1129.0
2799.0	1493.5
280.0	1614.0
2800.0	1102.0
2801.0	1655.6666666666667
2802.0	1839.0
2804.0	1442.0
2805.0	1445.6
2806.0	1902.0
2807.0	1368.3333333333333
2808.0	535.0
2809.0	547.0
281.0	731.0
2810.0	1648.3333333333333
2812.0	1725.0
2813.0	1649.0
2814.0	2022.5
2816.0	1628.8
2817.0	701.0
2818.0	986.5
2819.0	736.3333333333334
282.0	1346.0
2821.0	1491.0
2824.0	1850.0
2825.0	1415.75
2826.0	1330.0
2827.0	1703.0
2828.0	1259.0
2829.0	1257.0
283.0	934.0
2830.0	734.0
2832.0	1349.6
2833.0	1838.5
2834.0	1282.0
2835.0	1702.0
2836.0	1618.0
2837.0	863.0
284.0	1446.2
2841.0	2031.0
2843.0	1747.6666666666667
2844.0	1072.6666666666667
2845.0	1544.0
2846.0	1238.0
2847.0	1139.0
2849.0	1119.0
285.0	1679.0
2850.0	639.5
2851.0	1301.0
2853.0	927.0
2854.0	1766.5
2855.0	1683.0
2856.0	1510.0
2859.0	1216.0
286.0	1495.1666666666667
2860.0	2314.0
2861.0	1457.0
2862.0	1642.0
2864.0	1244.0
2865.0	1863.6666666666667
2866.0	2256.0
2867.0	2332.0
2868.0	841.0
2869.0	1707.0
287.0	1524.0
2870.0	945.0
2871.0	1073.0
2872.0	1036.0
2874.0	1026.0
2875.0	755.5
2876.0	2027.0
2877.0	1664.6
2878.0	948.2
2879.0	1371.0
288.0	1504.0
2881.0	1600.25
2883.0	1804.4
2884.0	1501.3333333333333
2886.0	1599.3333333333333
2887.0	1012.0
2888.0	2149.0
2889.0	1584.0
2890.0	1088.6666666666667
2891.0	1447.0
2892.0	1312.0
2893.0	452.0
2895.0	1531.6666666666667
2896.0	728.0
2897.0	1347.5
2898.0	921.0
2899.0	1480.0
29.0	1858.0
2900.0	1906.0
2901.0	2012.0
2902.0	1747.6
2903.0	1621.6666666666667
2904.0	1162.75
2905.0	1557.0
2906.0	579.0
2907.0	1170.25
2909.0	1080.6
291.0	1440.5
2910.0	986.0
2912.0	729.5
2913.0	1155.25
2914.0	2307.0
2915.0	1097.6666666666667
2917.0	1029.0
2919.0	603.0
2920.0	1659.0
2921.0	2293.0
2922.0	1272.6666666666667
2923.0	1630.0
2924.0	1630.75
2925.0	1359.0
2926.0	1100.0
2930.0	1425.5
2931.0	698.0
2932.0	1352.5
2933.0	1567.5
2934.0	1662.0
2935.0	1318.0
2937.0	2213.0
2938.0	1429.5
2939.0	818.0
2940.0	2206.0
2941.0	750.5
2942.0	1309.0
2943.0	1622.8
2944.0	1527.0
2945.0	1636.0
2946.0	1103.0
2947.0	1137.0
295.0	1372.5
2950.0	607.5
2951.0	1425.0
2953.0	935.0
2954.0	1665.0
2955.0	1939.0
2956.0	1644.0
2957.0	1116.25
2958.0	1925.0
2959.0	2048.0
2960.0	2008.0
2961.0	999.5
2962.0	1152.0
2963.0	1903.0
2964.0	511.0
2966.0	1056.0
2967.0	1129.0
2968.0	1850.0
2969.0	639.0
297.0	1538.5
2970.0	1263.6
2971.0	1846.0
2972.0	1073.75
2974.0	1023.5
2975.0	1188.5
2976.0	1453.5
2978.0	821.0
2979.0	1873.5
298.0	1582.857142857143
2980.0	1377.0
2981.0	1066.0
2983.0	1072.5
2984.0	1633.0
2985.0	1263.5
2988.0	1041.0
2989.0	1133.3333333333333
299.0	868.0
2990.0	1643.0
2991.0	932.5
2992.0	1567.5
2994.0	1431.5
2996.0	686.5
2999.0	1012.0
30.0	1520.0
300.0	1280.0
3001.0	1677.3333333333333
3002.0	1682.5
3005.0	1101.0
3007.0	1115.0
3009.0	701.0
301.0	1890.6
3010.0	1326.0
3012.0	1810.5
3013.0	1685.5
3015.0	1530.0
3017.0	1909.0
3018.0	962.0
302.0	1091.0
3020.0	1175.3333333333333
3021.0	1386.0
3022.0	674.6666666666666
3024.0	1522.6
3025.0	1627.5
3026.0	930.0
3027.0	1414.5
303.0	1980.0
3031.0	1516.0
3032.0	1518.0
3033.0	1547.0
3035.0	907.0
3036.0	713.0
3039.0	1181.0
304.0	1032.0
3041.0	1342.5
3043.0	1288.6666666666667
3044.0	1813.0
3045.0	1437.0
3046.0	1320.0
305.0	1700.142857142857
3050.0	1619.5
3052.0	958.6666666666666
3053.0	1622.5
3054.0	2131.0
3055.0	641.5
3056.0	1470.0
306.0	1940.5
3060.0	1307.0
3061.0	1642.0
3062.0	1437.5
3063.0	1748.0
3064.0	1035.5
3065.0	1472.0
3066.0	1380.0
3068.0	1534.6666666666667
307.0	1661.5
3070.0	1280.3333333333333
3071.0	1621.0
3073.0	1611.0
3074.0	1897.0
3075.0	1469.5
3076.0	1541.5
3077.0	1699.5
3078.0	1350.0
3079.0	726.0
308.0	1452.5
3081.0	1695.0
3082.0	1845.0
3083.0	1543.0
3085.0	962.5
3086.0	2302.0
3087.0	1558.0
3089.0	966.5
309.0	1896.3333333333333
3090.0	703.0
3091.0	1141.3333333333333
3092.0	1320.0
3093.0	1821.0
3094.0	1328.0
3098.0	1007.6666666666666
31.0	1839.0
310.0	1252.5
3100.0	1706.0
3101.0	1590.6666666666667
3102.0	732.0
3103.0	1657.0
3104.0	1046.0
3107.0	1103.0
3108.0	893.5
3109.0	1698.0
311.0	1520.0
3110.0	1608.0
3113.0	1726.0
3114.0	1642.0
3117.0	1035.3333333333333
312.0	768.0
3120.0	1175.3333333333333
3121.0	2033.0
3122.0	1908.0
3123.0	1987.0
3125.0	1064.0
3126.0	1653.3333333333333
3127.0	1210.0
3128.0	2038.0
3129.0	648.0
3130.0	1776.5
3133.0	1924.5
3135.0	1626.5
3136.0	1459.6666666666667
3137.0	1632.0
314.0	1841.5
3140.0	1648.5
3141.0	1166.0
3142.0	935.0
3143.0	1456.0
3144.0	1430.5
3145.0	1328.0
3146.0	1078.0
3147.0	1228.0
315.0	1317.5
3150.0	835.0
3152.0	1527.5
3153.0	1284.0
3154.0	1296.0
3155.0	949.0
3156.0	650.5
3157.0	1548.0
3159.0	1023.0
316.0	459.0
3160.0	1593.0
3161.0	2107.0
3162.0	1051.0
3163.0	1247.75
3164.0	241.0
3166.0	1537.0
3167.0	1541.5
3169.0	1861.0
317.0	1475.0
3170.0	1694.3333333333333
3171.0	1645.5
3172.0	1050.0
3175.0	1760.0
3177.0	1818.0
3178.0	1210.0
318.0	1157.3333333333333
3180.0	1867.0
3182.0	1520.0
3185.0	1341.5
3187.0	1512.0
3188.0	824.0
319.0	829.0
3190.0	1157.0
3192.0	986.3333333333334
3194.0	1298.6666666666667
3195.0	1708.0
3196.0	1394.5
3197.0	1953.0
3198.0	1525.0
3199.0	858.0
32.0	1643.5
320.0	1475.3333333333333
3200.0	1327.5
3202.0	2117.0
3205.0	733.0
3207.0	1121.0
3208.0	1001.0
3209.0	1049.0
321.0	1828.0
3211.0	1683.0
3212.0	1408.0
3215.0	1833.0
3217.0	1926.0
3218.0	821.0
3219.0	811.0
322.0	1377.0
3221.0	1316.0
3223.0	1279.5
3224.0	2032.0
3225.0	1237.5
3226.0	1756.0
3227.0	1442.0
3228.0	2038.0
323.0	1334.142857142857
3230.0	1249.5
3232.0	1265.0
3233.0	630.0
3234.0	1432.0
3235.0	767.5
3237.0	1953.0
324.0	724.5
3240.0	1270.6666666666667
3241.0	2015.0
3242.0	1430.0
3243.0	1947.0
3244.0	732.5
3245.0	1056.0
3247.0	826.0
3249.0	1546.0
325.0	648.0
3255.0	1302.0
3256.0	1317.0
3258.0	2113.0
3259.0	1140.0
326.0	1280.75
3260.0	752.0
3261.0	1192.3333333333333
3264.0	926.0
3267.0	2228.0
3268.0	1653.0
3269.0	1548.0
327.0	558.0
3273.0	1420.0
3274.0	1815.0
3278.0	2246.0
3282.0	1112.0
3283.0	1362.6666666666667
3286.0	546.0
3288.0	1158.6666666666667
3289.0	1879.5
329.0	1006.0
3290.0	1789.0
3291.0	1382.0
3292.0	1418.0
3294.0	720.0
3295.0	1316.0
3297.0	1266.5
3298.0	1824.0
330.0	966.0
3302.0	1042.0
3304.0	515.0
3305.0	1155.0
3306.0	1550.0
3307.0	1115.0
3309.0	1939.5
331.0	874.0
3313.0	1230.0
3315.0	1700.0
3316.0	742.0
3317.0	1812.0
3318.0	1551.0
3319.0	1453.0
332.0	802.5
3320.0	849.0
3321.0	1548.0
3322.0	763.0
3323.0	2128.0
3324.0	1196.3333333333333
3325.0	559.0
3326.0	1008.0
3327.0	1923.0
3328.0	1970.3333333333333
3329.0	1628.6666666666667
333.0	1625.0
3330.0	1827.0
3332.0	868.5
3334.0	1256.0
3335.0	693.0
3336.0	802.0
3337.0	1369.5
3338.0	956.5
3339.0	1941.5
334.0	1022.0
3340.0	756.6666666666666
3341.0	1127.0
3342.0	1527.5
3344.0	1631.3333333333333
3345.0	1854.0
3346.0	1325.25
3347.0	1294.6666666666667
3348.0	1456.0
335.0	1227.6666666666667
3350.0	1686.0
3351.0	1644.0
3352.0	1039.0
3353.0	659.0
3354.0	1909.0
3355.0	1471.5
3356.0	1574.6666666666667
3357.0	551.0
3358.0	1147.0
3359.0	1858.0
336.0	1302.5714285714287
3361.0	1621.0
3363.0	1304.6666666666667
3364.0	644.0
3366.0	1155.0
3367.0	1910.0
3368.0	1291.25
337.0	826.0
3370.0	657.5
3371.0	2083.5
3372.0	773.6666666666666
3373.0	1147.3333333333333
3376.0	1079.0
3377.0	1521.5
3378.0	1726.5
3379.0	1306.0
338.0	991.6666666666666
3380.0	919.0
3381.0	2057.0
3382.0	951.0
3384.0	1433.0
3385.0	1575.0
3386.0	1274.5
3387.0	1560.5
3389.0	862.3333333333334
339.0	2130.0
3392.0	1633.3333333333333
3394.0	2012.0
3395.0	1763.6666666666667
3396.0	1805.75
3397.0	725.5
340.0	1638.25
3400.0	1088.5
3401.0	1537.0
3403.0	1057.0
3404.0	1205.25
3405.0	1714.0
3406.0	831.0
3407.0	858.0
3408.0	1858.25
3409.0	1176.5
341.0	1490.0
3410.0	1938.0
3411.0	1213.0
3412.0	1305.5
3413.0	2052.0
3414.0	1336.0
3415.0	1298.6666666666667
3416.0	1291.0
3417.0	1528.0
3418.0	1482.0
3419.0	1505.6666666666667
342.0	1520.0
3420.0	848.0
3421.0	1030.5
3422.0	1797.0
3423.0	833.5
3424.0	1225.3333333333333
3426.0	1344.0
3427.0	1518.0
3428.0	1501.7142857142858
3429.0	1534.0
343.0	1078.6666666666667
3430.0	1182.5
3431.0	1639.0
3432.0	1020.0
3433.0	1720.0
3435.0	1366.0
3436.0	1142.5
3437.0	1085.75
3438.0	1089.6666666666667
3439.0	1636.0
344.0	1470.5
3440.0	906.0
3442.0	1335.6666666666667
3443.0	1489.6
3444.0	1813.0
3445.0	1384.0
3446.0	1353.3333333333333
3447.0	1330.5
3448.0	1281.3333333333333
345.0	2107.0
3451.0	1885.6666666666667
3452.0	1015.0
3453.0	1619.0
3454.0	1013.0
3456.0	750.0
3457.0	1814.0
3458.0	1226.3333333333333
3459.0	2111.0
346.0	1503.0
3460.0	1122.0
3462.0	1226.0
3463.0	456.0
3464.0	1353.0
3465.0	1034.0
3466.0	704.0
3467.0	1478.5
3469.0	1475.75
347.0	1536.75
3470.0	992.3333333333334
3471.0	1700.5
3472.0	1975.5
3473.0	732.0
3474.0	700.3333333333334
3475.0	755.5
3476.0	1520.0
3477.0	1974.5
3478.0	1350.3333333333333
3479.0	713.3333333333334
348.0	921.0
3482.0	1337.0
3483.0	1069.0
3484.0	2115.0
3485.0	1268.5
3486.0	1520.2
3488.0	1857.0
3489.0	1655.0
349.0	1019.75
3490.0	1358.0
3491.0	1424.0
3492.0	1651.8
3493.0	523.0
3494.0	578.6666666666666
3495.0	907.0
3496.0	1009.0
3497.0	1135.0
3498.0	657.0
3499.0	1910.0
35.0	848.5
350.0	1233.0
3500.0	1676.0
3501.0	1245.0
3504.0	958.6666666666666
3505.0	1176.5
3506.0	940.3333333333334
3507.0	842.0
3508.0	1382.0
3509.0	1126.75
351.0	1881.5
3511.0	1339.0
3512.0	921.25
3513.0	1756.0
3514.0	1448.0
3515.0	1239.0
3516.0	2053.0
3517.0	1077.5
3518.0	823.0
3519.0	1732.0
352.0	1287.3333333333333
3521.0	1116.0
3522.0	647.6666666666666
3523.0	1516.0
3525.0	712.0
3526.0	1895.0
3527.0	1354.5
3528.0	619.0
3529.0	1433.0
353.0	1254.25
3530.0	1823.0
3531.0	1753.5
3532.0	1745.0
3533.0	1549.0
3535.0	1275.5
3536.0	1549.1666666666667
3537.0	1172.5
3539.0	727.6666666666666
354.0	1535.6666666666667
3540.0	1912.0
3543.0	1172.5
3544.0	1044.0
3545.0	1255.0
3546.0	609.0
3547.0	1608.0
3548.0	1163.6666666666667
355.0	1448.3333333333333
3550.0	1516.0
3551.0	1909.0
3552.0	1954.0
3553.0	2200.0
3554.0	856.0
3555.0	1936.0
3557.0	1116.0
3558.0	2036.0
3559.0	1620.0
356.0	1466.0
3560.0	1706.0
3561.0	525.0
3562.0	1539.5
3564.0	734.0
3565.0	1192.5
3566.0	898.5
3567.0	516.0
3568.0	1036.0
3569.0	2232.0
357.0	1207.5
3572.0	1102.0
3573.0	1068.3333333333333
3574.0	551.0
3575.0	1711.5
3576.0	1633.6666666666667
3577.0	1565.0
358.0	1129.6
3581.0	1159.0
3582.0	1520.4
3583.0	1437.0
3584.0	1020.0
3586.0	1152.3333333333333
3587.0	1712.0
3588.0	911.0
359.0	1437.0
3591.0	982.5
3594.0	1440.0
3596.0	1204.0
3597.0	1644.0
3598.0	1401.0
3599.0	1619.0
36.0	2244.0
360.0	722.0
3600.0	2130.0
3601.0	1068.0
3602.0	1048.3333333333333
3603.0	1364.5
3605.0	1951.0
3607.0	1377.4
361.0	772.1666666666666
3611.0	886.0
3612.0	1345.0
3615.0	1282.5
3616.0	1714.8
3617.0	1450.0
3618.0	1753.0
3619.0	2116.0
362.0	1717.5
3620.0	1545.0
3621.0	1147.0
3624.0	1254.0
3625.0	1638.0
3628.0	1823.0
363.0	1232.1666666666667
3630.0	928.0
3631.0	1722.0
3632.0	524.0
3633.0	1467.5
3634.0	1936.0
3635.0	1338.0
3638.0	1580.3333333333333
364.0	999.6666666666666
3640.0	2110.0
3641.0	1068.3333333333333
3643.0	1094.0
3644.0	1826.5
3646.0	2265.0
3647.0	974.0
3648.0	1425.0
3649.0	1396.5
365.0	1315.0
3650.0	1661.5
3651.0	1369.5
3652.0	1261.6666666666667
3653.0	1550.0
3654.0	1082.5
3657.0	983.5
366.0	1275.5
3660.0	2157.0
3662.0	818.0
3664.0	1662.0
3665.0	556.0
3666.0	1458.0
3667.0	1529.0
3668.0	1291.5
3669.0	1335.0
367.0	1257.0
3671.0	1826.0
3672.0	1149.0
3673.0	981.3333333333334
3674.0	1800.0
3675.0	907.0
3676.0	1521.5
3677.0	1358.3333333333333
3678.0	1443.6666666666667
3679.0	1460.3333333333333
368.0	1063.5
3680.0	800.0
3682.0	624.0
3685.0	1413.3333333333333
3687.0	1454.0
3688.0	1695.0
3689.0	1757.5
369.0	1502.625
3690.0	1326.0
3691.0	1800.0
3692.0	928.25
3693.0	2244.0
3695.0	1591.0
3696.0	1521.0
3697.0	893.6666666666666
3698.0	619.0
3699.0	965.5
370.0	740.0
3700.0	1121.0
3702.0	804.0
3703.0	2039.0
3704.0	1629.5
3705.0	1181.75
3706.0	630.5
3708.0	1528.5
3709.0	1188.3333333333333
371.0	2122.5
3710.0	926.0
3711.0	1527.0
3714.0	1515.25
3715.0	1499.5
3716.0	557.0
3717.0	1485.6666666666667
3718.0	1029.6666666666667
372.0	1336.1666666666667
3720.0	1105.0
3721.0	2146.0
3722.0	1753.0
3723.0	1725.0
3724.0	1591.3333333333333
3725.0	952.0
3727.0	1170.6666666666667
3728.0	1842.0
3729.0	986.3333333333334
373.0	815.75
3730.0	1656.0
3731.0	2222.0
3734.0	1746.0
3735.0	1324.6666666666667
3736.0	1055.0
3738.0	946.0
374.0	1266.3333333333333
3741.0	1886.0
3742.0	882.6666666666666
3745.0	550.5
3746.0	1786.0
3748.0	2118.0
375.0	1533.5
3750.0	2023.0
3751.0	1388.6666666666667
3753.0	1046.0
3754.0	1127.0
3755.0	1123.3333333333333
3756.0	1538.0
3758.0	1010.0
3759.0	1280.75
376.0	1556.0
3760.0	1429.5
3761.0	1330.0
3762.0	1131.0
3763.0	1257.6666666666667
3765.0	1300.0
3766.0	1916.0
3768.0	1098.5
3769.0	2027.0
377.0	1161.25
3770.0	1652.6666666666667
3771.0	1735.0
3772.0	1042.5
3773.0	1906.0
3774.0	2054.0
3776.0	1448.5
3777.0	1659.5
3778.0	1015.0
3779.0	1205.0
3780.0	1451.0
3781.0	500.0
3782.0	1145.0
3783.0	1927.0
3784.0	1006.0
3785.0	730.6666666666666
3787.0	1407.0
3788.0	864.5
3789.0	1155.0
379.0	785.0
3790.0	1277.0
3791.0	1641.0
3792.0	1218.6666666666667
3793.0	1572.0
3795.0	1396.0
3798.0	1615.0
3799.0	1852.0
380.0	858.5
3802.0	982.5
3803.0	1219.0
3805.0	2306.0
3807.0	1979.3333333333333
3808.0	1501.0
3809.0	1005.0
381.0	1157.0
3810.0	2127.0
3811.0	1111.3333333333333
3812.0	1384.6666666666667
3813.0	960.3333333333334
3814.0	1018.0
3815.0	1378.5
3816.0	813.0
3817.0	1938.5
382.0	1727.75
3821.0	628.5
3822.0	824.0
3823.0	1540.0
3824.0	1247.0
3825.0	1366.0
3826.0	1551.0
3827.0	1531.6666666666667
3828.0	1353.0
3829.0	538.0
383.0	1666.5
3830.0	1130.0
3833.0	1102.0
3834.0	1338.5
3835.0	1330.0
3836.0	945.0
3838.0	1152.5
3839.0	1566.0
384.0	1378.25
3840.0	1244.6666666666667
3841.0	1788.0
3843.0	1615.0
3845.0	1617.6666666666667
3846.0	738.0
3847.0	2124.0
3848.0	1244.1666666666667
3849.0	1757.6666666666667
385.0	1927.0
3850.0	646.0
3851.0	881.0
3852.0	722.3333333333334
3855.0	1927.3333333333333
3856.0	872.75
3857.0	1335.0
3858.0	1035.0
3859.0	1194.0
386.0	1905.0
3860.0	2186.5
3862.0	616.2
3863.0	1212.0
3864.0	1550.0
3865.0	1525.0
3867.0	1819.0
3868.0	745.0
3869.0	1831.5
387.0	1487.6
3870.0	1357.0
3871.0	1374.0
3872.0	1035.0
3873.0	1438.0
3874.0	803.0
3875.0	1025.0
3876.0	1736.0
3879.0	1634.0
388.0	1930.3333333333333
3880.0	1179.5
3881.0	978.5
3883.0	1446.0
3885.0	2037.5
3886.0	1206.5
3887.0	1697.5
3888.0	1384.0
389.0	1597.0
3890.0	1004.5
3891.0	1526.0
3892.0	713.0
3893.0	1253.0
3894.0	1522.6666666666667
3896.0	1349.0
3897.0	1415.0
3898.0	1033.0
3899.0	1223.6666666666667
39.0	1099.6666666666667
390.0	1251.0
3900.0	2149.0
3901.0	832.0
3902.0	912.0
3903.0	1800.6666666666667
3904.0	828.0
3905.0	1292.0
3907.0	1031.75
3908.0	1880.5
3909.0	1207.0
391.0	1310.2
3911.0	826.0
3912.0	1297.0
3913.0	1231.0
3915.0	2024.0
3916.0	555.0
3917.0	2099.0
3918.0	956.0
392.0	1178.857142857143
3920.0	1002.0
3923.0	945.0
3924.0	1311.0
3925.0	1425.0
3926.0	1213.0
3927.0	1024.0
3928.0	1781.5
3929.0	1154.0
393.0	1596.0
3930.0	1236.5
3933.0	1485.5
3934.0	973.0
3935.0	1716.5
3936.0	2125.0
3937.0	1215.0
3938.0	655.0
3939.0	1506.0
394.0	1597.5
3940.0	2115.0
3942.0	1591.6666666666667
3943.0	1838.0
3944.0	1300.0
3945.0	1649.5
3947.0	1525.3333333333333
3949.0	1698.0
395.0	1635.0
3950.0	1479.5
3951.0	1124.0
3952.0	1765.6666666666667
3953.0	1261.5
3954.0	1988.0
3955.0	1447.0
3956.0	1399.6666666666667
3957.0	1643.0
3958.0	1079.5
3959.0	1218.6666666666667
396.0	2330.0
3960.0	1433.0
3961.0	1123.0
3964.0	1473.8
3965.0	1342.0
3966.0	1231.0
3967.0	1449.5
3968.0	808.0
3969.0	1505.0
397.0	1578.6
3970.0	1428.5
3972.0	1120.0
3973.0	1433.0
3974.0	867.5
3975.0	1258.0
3976.0	1318.5
3977.0	927.0
3978.0	2065.0
3979.0	1023.0
398.0	950.1428571428571
3980.0	628.0
3981.0	1122.0
3983.0	1125.25
3984.0	1192.5
3985.0	750.0
3986.0	1210.0
3987.0	1553.0
3988.0	1019.0
3989.0	1387.0
399.0	1841.0
3990.0	1114.0
3992.0	1153.0
3994.0	1419.8
3995.0	815.0
3996.0	1036.0
3998.0	1029.0
3999.0	1103.0
40.0	1745.0
400.0	1497.0
4003.0	1481.0
4004.0	1376.5
4008.0	1552.0
4009.0	1273.3333333333333
401.0	1365.0
4010.0	1207.0
4011.0	1022.0
4012.0	1549.0
4014.0	1938.0
4015.0	1216.0
4016.0	1026.0
4017.0	1032.0
4018.0	1750.0
402.0	984.0
4021.0	1434.0
4024.0	1235.0
4025.0	1849.6666666666667
4026.0	1591.0
4027.0	1945.0
4028.0	1017.5
4029.0	818.5
403.0	1378.5
4031.0	1356.0
4032.0	944.0
4033.0	1161.5
4035.0	607.5
4036.0	479.0
4037.0	721.0
4038.0	922.0
4039.0	909.0
404.0	739.0
4040.0	1957.0
4041.0	1978.0
4042.0	2034.0
4043.0	1653.0
4046.0	1085.5
4047.0	1220.0
4048.0	1086.6666666666667
4049.0	839.0
405.0	552.0
4050.0	1332.5
4052.0	1500.6666666666667
4053.0	1518.0
4055.0	827.0
4057.0	715.0
4059.0	984.5
406.0	1380.6
4061.0	1497.5
4062.0	1749.0
4064.0	1807.0
4065.0	1675.0
4066.0	1272.25
4068.0	1783.5
4069.0	1224.0
4070.0	1913.0
4071.0	1757.0
4073.0	453.0
4074.0	1301.0
4075.0	1250.0
4076.0	905.0
4077.0	1205.0
4079.0	1748.0
408.0	1658.0
4081.0	2056.0
4082.0	1338.0
4084.0	1105.0
4087.0	1829.0
4088.0	925.0
4089.0	1107.0
409.0	1558.0
4090.0	2105.0
4092.0	2044.0
4093.0	1414.25
4094.0	713.0
4095.0	1491.5
4096.0	657.0
4099.0	1054.6666666666667
41.0	1333.0
410.0	1168.3333333333333
4101.0	2112.6666666666665
4103.0	800.0
4105.0	1829.0
4106.0	626.0
4107.0	1229.0
4108.0	880.6666666666666
411.0	720.0
4111.0	1026.0
4112.0	1087.6666666666667
4113.0	883.5
4114.0	1140.5
4116.0	1395.0
4118.0	1607.0
4119.0	1028.0
412.0	749.0
4120.0	1731.0
4125.0	1410.5
4126.0	1525.0
4128.0	769.0
4129.0	2007.0
4130.0	1025.0
4131.0	1808.0
4134.0	1239.0
4135.0	1147.0
4136.0	1534.5
4137.0	1320.0
4138.0	554.0
4139.0	1530.75
414.0	1837.0
4140.0	1331.0
4141.0	1723.0
4142.0	1914.0
4143.0	1446.3333333333333
4144.0	1174.0
4145.0	1386.0
4146.0	1182.0
4148.0	1830.0
4149.0	1306.0
415.0	1107.0
4150.0	1735.0
4153.0	1395.0
4157.0	2256.0
4158.0	749.0
4159.0	1364.0
416.0	644.0
4160.0	1433.5
4161.0	535.0
4162.0	1603.0
4164.0	733.0
4165.0	894.0
4166.0	1312.0
4167.0	1501.0
4168.0	733.0
417.0	710.0
4170.0	930.0
4171.0	1684.0
4173.0	1643.0
4174.0	1411.0
4178.0	1117.0
4179.0	1086.0
418.0	1150.5
4183.0	2034.0
4186.0	1123.5
4188.0	1940.0
4189.0	830.0
419.0	1197.5
4192.0	1007.0
4195.0	1257.0
4199.0	1314.0
420.0	1600.2
4202.0	954.0
4204.0	1026.0
4206.0	2131.0
421.0	1044.6666666666667
4215.0	739.0
422.0	1323.0
4222.0	1652.0
4225.0	1649.0
4227.0	2235.0
4229.0	1042.0
423.0	1410.0
4230.0	1516.0
4232.0	1112.0
4235.0	1100.0
4236.0	1724.5
4237.0	937.0
4238.0	2019.0
4239.0	1453.0
424.0	1388.5
4241.0	1200.0
4244.0	1814.0
4248.0	803.0
4249.0	1245.0
425.0	1234.75
4250.0	618.0
4251.0	1078.6666666666667
4253.0	1463.6666666666667
4255.0	980.0
4256.0	850.0
4259.0	1457.0
426.0	1046.3333333333333
4260.0	1612.0
4262.0	1425.8333333333333
4264.0	2141.0
4265.0	856.0
4266.0	723.0
4269.0	1027.0
427.0	1321.6666666666667
4272.0	1909.0
4273.0	905.0
4278.0	1916.0
428.0	1043.6666666666667
4282.0	1741.0
4283.0	1404.0
4285.0	905.0
4286.0	527.0
4287.0	1810.0
429.0	800.3333333333334
4291.0	1152.0
4294.0	1721.0
4295.0	1421.0
4296.0	559.0
4298.0	602.0
4299.0	1014.0
43.0	1218.0
430.0	2241.0
4301.0	949.0
4303.0	1072.25
4306.0	1235.0
4308.0	1841.0
431.0	1917.6666666666667
4311.0	2100.0
4313.0	1239.0
4314.0	1105.5
4316.0	1942.0
4318.0	725.5
432.0	1513.5
4321.0	1359.0
4324.0	1904.0
4327.0	1456.0
433.0	1126.0
4330.0	1332.5
4332.0	1200.0
4334.0	1434.0
4335.0	814.5
4337.0	1306.0
434.0	1586.0
4341.0	928.0
4342.0	1041.25
4343.0	1800.0
4345.0	650.0
4346.0	2148.0
4347.0	1411.0
4348.0	1215.0
4351.0	991.5
4354.0	1207.0
4356.0	977.0
4357.0	1218.0
436.0	1633.0
4360.0	945.5
4361.0	1521.0
4362.0	1097.0
4363.0	944.0
4364.0	1065.0
4366.0	920.0
4367.0	1024.0
4368.0	907.0
4369.0	1219.0
437.0	1496.3333333333333
4371.0	932.0
4372.0	1315.0
4373.0	1924.0
4374.0	738.0
4378.0	1083.25
438.0	954.0
4383.0	978.0
4384.0	1733.0
4385.0	1937.0
4387.0	1723.0
4388.0	1901.0
439.0	1866.0
4391.0	1151.0
4393.0	759.0
4394.0	1778.5
4398.0	906.0
4399.0	1303.0
440.0	1562.857142857143
4401.0	1602.0
4402.0	1342.5
4403.0	1454.0
4404.0	1525.5
4407.0	1294.0
441.0	1366.3333333333333
4410.0	1149.0
4412.0	1766.0
4414.0	1728.5
4418.0	1407.0
4419.0	1730.0
442.0	1268.3333333333333
4420.0	1241.0
4423.0	1459.5
4425.0	2312.0
4426.0	1340.0
4429.0	909.0
4430.0	1814.0
4431.0	1222.0
4432.0	1176.0
4434.0	923.0
444.0	1262.0
4440.0	1255.5
4441.0	1947.0
4442.0	532.0
4443.0	1235.0
4444.0	1449.0
4445.0	939.0
4447.0	1002.0
4449.0	1058.0
445.0	1276.5
4450.0	1659.0
4453.0	1524.0
4455.0	1355.0
4456.0	21.0
446.0	971.3333333333334
4461.0	1326.0
4462.0	1811.5
4463.0	2247.0
4465.0	2241.0
4467.0	1445.0
447.0	1011.75
4472.0	585.0
4473.0	2310.0
4474.0	1689.5
4476.0	2044.0
4478.0	649.0
4479.0	2023.0
448.0	821.5
4480.0	1515.0
4484.0	816.5
4485.0	1353.0
4486.0	1818.0
4495.0	1815.5
4496.0	1610.0
4497.0	1641.0
4498.0	1507.5
4499.0	1322.0
450.0	1455.75
4500.0	1055.0
4504.0	1214.0
4505.0	1533.0
4507.0	566.5
4509.0	637.0
451.0	1311.5
4511.0	711.0
4513.0	1379.0
4515.0	2110.0
4519.0	2142.0
452.0	1591.6666666666667
4522.0	1250.0
4526.0	1832.0
453.0	1883.3333333333333
4530.0	788.5
4531.0	559.0
4532.0	1243.0
4533.0	523.0
4534.0	1145.5
4535.0	1031.0
4536.0	740.0
4538.0	925.5
454.0	1331.0
4542.0	1731.0
4544.0	888.5
4546.0	1744.5
4549.0	623.0
455.0	1007.4285714285714
4550.0	854.0
4552.0	1536.0
4553.0	1152.0
4555.0	1841.0
4556.0	1849.0
4557.0	2051.0
4558.0	2038.0
4559.0	1840.0
456.0	1433.75
4560.0	733.0
4566.0	1031.3333333333333
4568.0	1850.0
4569.0	1539.0
457.0	1734.0
4570.0	1252.0
4571.0	1470.0
4577.0	1452.0
4578.0	1312.0
458.0	1644.75
4581.0	706.0
4582.0	2122.0
4584.0	1049.0
4585.0	1718.0
4587.0	1549.0
4588.0	1189.5
4589.0	2103.0
459.0	1253.0
4590.0	744.0
4591.0	2021.5
4594.0	1410.0
4596.0	1315.0
4597.0	1377.0
4598.0	1400.0
4599.0	1442.0
46.0	2035.0
460.0	1576.5
4601.0	1058.0
4602.0	829.0
4604.0	1631.0
4608.0	1057.0
461.0	715.3333333333334
4611.0	2205.5
4612.0	1740.0
4614.0	1100.0
4615.0	1494.5
4616.0	1847.0
4617.0	800.0
462.0	687.75
4621.0	1250.0
4623.0	1446.0
4628.0	1755.0
4629.0	1323.0
463.0	1280.5
4632.0	1593.0
4633.0	1410.0
4634.0	1822.5
4635.0	2144.0
4636.0	1488.0
4640.0	757.0
4641.0	1922.0
4642.0	1720.0
4644.0	1836.0
4645.0	1113.0
4646.0	1343.0
4647.0	1445.0
4649.0	548.0
465.0	1916.0
4653.0	1911.0
4654.0	1675.5
4657.0	2157.0
4658.0	1093.5
466.0	1672.5
4660.0	1905.0
4661.0	818.0
4662.0	958.0
4663.0	878.5
4664.0	1430.0
4667.0	1721.0
4668.0	2054.0
4669.0	1058.5
467.0	712.0
4670.0	652.0
4671.0	1348.5
4672.0	1794.3333333333333
4673.0	1723.0
4674.0	1534.0
4675.0	1342.0
4676.0	1717.0
4678.0	645.0
4679.0	939.0
468.0	1235.0
4681.0	1846.0
4683.0	721.0
4684.0	1410.0
4685.0	1822.0
4689.0	1379.0
469.0	1110.5
4690.0	1223.0
4692.0	937.0
4694.0	1346.0
4695.0	2114.0
4697.0	1354.0
4698.0	1459.0
47.0	2231.0
470.0	1032.5
4700.0	956.0
4701.0	1302.0
4702.0	1629.0
4703.0	755.5
4704.0	2104.0
4705.0	1933.6666666666667
4708.0	1434.6666666666667
4709.0	1105.0
471.0	1351.3333333333333
4711.0	826.0
4714.0	1403.3333333333333
4715.0	1344.5
4716.0	726.0
4717.0	2046.0
4718.0	1733.0
4719.0	1558.0
472.0	1458.6
4721.0	2136.0
4722.0	1482.0
4724.0	606.5
4725.0	2019.5
4726.0	1426.5
4727.0	1638.0
473.0	1056.0
4730.0	858.0
4735.0	725.0
4738.0	909.5
4739.0	1253.0
474.0	846.0
4741.0	1153.5
4742.0	2057.0
4743.0	1750.0
4744.0	1790.5
4747.0	1205.5
4748.0	2010.0
4749.0	1401.0
4754.0	1837.0
4755.0	2157.0
4756.0	1934.0
4757.0	1758.0
476.0	2026.0
4761.0	1406.6666666666667
4762.0	1711.0
4763.0	1648.5
4765.0	1132.0
4766.0	1428.5
4768.0	1503.0
4769.0	1316.0
477.0	616.0
4770.0	1544.0
4771.0	1336.0
4772.0	936.0
4776.0	908.5
4777.0	2113.0
478.0	1228.6666666666667
4780.0	1616.0
4781.0	1367.0
4782.0	1242.0
4785.0	1538.0
4786.0	1413.5
4787.0	1338.6666666666667
4789.0	1043.0
4790.0	1384.5
4791.0	1193.0
4793.0	1508.6666666666667
4794.0	1230.0
4795.0	1079.3333333333333
4797.0	1402.0
4798.0	2044.0
4799.0	1720.0
480.0	617.0
4800.0	1743.0
4802.0	2059.0
4803.0	1251.0
4804.0	1268.5
4809.0	847.5
481.0	1450.0
4810.0	1756.0
4813.0	1301.6666666666667
4816.0	1370.0
4818.0	726.0
482.0	854.5
4820.0	810.0
4821.0	1642.0
4823.0	652.0
4825.0	1781.5
4826.0	940.5
4827.0	527.0
4828.0	1740.0
4829.0	1292.5
483.0	1411.5
4830.0	1425.6666666666667
4831.0	1745.0
4832.0	1434.5
4834.0	1488.0
4835.0	1137.0
4836.0	1451.3333333333333
484.0	1347.0
4840.0	1815.0
4841.0	1444.0
4843.0	1552.0
4845.0	1286.0
4846.0	1223.3333333333333
4849.0	907.0
485.0	1608.6666666666667
4850.0	1336.0
4851.0	1178.0
4852.0	1459.0
4855.0	1226.5
4856.0	652.0
4858.0	1438.0
4859.0	1632.0
486.0	830.6666666666666
4862.0	752.0
4864.0	750.0
4869.0	1372.3333333333333
487.0	1116.3333333333333
4872.0	1804.0
4873.0	1521.0
4875.0	2001.0
4876.0	1229.0
4878.0	939.0
488.0	736.0
4880.0	1246.0
4881.0	1621.0
4882.0	1636.0
4885.0	1945.0
4886.0	1302.0
4887.0	1607.0
489.0	1485.25
4890.0	1510.0
4891.0	1714.0
4893.0	626.0
4894.0	836.0
49.0	1756.5
490.0	1924.25
4900.0	1409.5
4904.0	1234.0
4906.0	1204.0
4907.0	1942.0
4910.0	1355.0
4911.0	1819.0
4912.0	1346.0
4913.0	956.0
4916.0	1133.25
4917.0	1940.5
4918.0	1123.5
4919.0	836.0
492.0	1081.6
4921.0	1045.0
4922.0	1841.0
4923.0	1506.0
4926.0	528.0
4927.0	1198.0
4928.0	744.0
4929.0	1616.0
493.0	732.0
4930.0	1536.0
4932.0	809.0
4933.0	1539.0
4934.0	1330.5
4939.0	921.3333333333334
494.0	1574.0
4944.0	2029.0
4945.0	723.0
4946.0	1747.0
4947.0	920.0
495.0	1171.0
4950.0	1646.0
4952.0	1625.8
4953.0	1337.0
4954.0	559.0
4956.0	1465.3333333333333
4957.0	1116.0
4958.0	1652.0
4959.0	841.5
496.0	1659.3333333333333
4960.0	707.0
4961.0	2024.0
4964.0	1543.5
4965.0	2023.0
4966.0	1738.0
4967.0	1171.3333333333333
4968.0	1374.0
497.0	1074.5
4970.0	1475.0
4971.0	1756.0
4972.0	1202.0
4976.0	1055.0
498.0	1565.1666666666667
4981.0	552.0
4982.0	1626.0
4983.0	903.0
4986.0	1572.0
4987.0	1097.0
4988.0	1933.0
4989.0	2056.5
499.0	1087.3333333333333
4990.0	1404.0
4994.0	1224.0
4996.0	982.0
4998.0	959.0
4999.0	1219.0
5.0	1476.5
50.0	1749.5
500.0	1166.0
5001.0	1617.0
5003.0	1539.5
5004.0	1434.0
5005.0	1428.0
5006.0	701.0
5007.0	827.5
5008.0	1173.0
5009.0	858.0
5011.0	1033.5
5012.0	1445.0
5013.0	781.5
5015.0	1058.0
5016.0	1734.0
5017.0	1632.0
5018.0	2112.0
5019.0	1351.0
502.0	1015.6666666666666
5020.0	945.0
5023.0	1526.5
5025.0	1856.0
5026.0	1582.75
5027.0	2242.0
5028.0	1397.5
5029.0	1663.5
503.0	1458.25
5031.0	1195.5
5032.0	1269.0
5033.0	1206.0
5034.0	1412.5
5035.0	1356.0
5036.0	557.0
5037.0	1234.5
5038.0	1047.0
5039.0	1226.0
504.0	554.0
5040.0	1049.5
5041.0	1216.0
5042.0	1456.3333333333333
5043.0	1281.25
5045.0	729.25
5047.0	1745.0
505.0	1814.0
5050.0	1780.5
5051.0	883.0
5052.0	1382.75
5053.0	1576.5
5054.0	1339.0
5055.0	623.0
5056.0	1675.0
5057.0	1956.0
5058.0	783.5
5059.0	632.0
506.0	1332.75
5060.0	1731.5
5061.0	1499.3333333333333
5062.0	554.0
5063.0	1550.0
5065.0	907.0
5066.0	1429.0
5067.0	1809.0
5068.0	627.0
5069.0	1759.0
507.0	2137.0
5071.0	914.5
5072.0	1404.0
5074.0	1099.0
5075.0	1716.0
5077.0	730.0
5078.0	1277.0
508.0	827.0
5080.0	1095.6666666666667
5081.0	1559.0
5083.0	1698.5
5084.0	1674.25
5086.0	1852.0
5087.0	1927.0
509.0	2122.5
5090.0	1150.0
5091.0	1408.0
5092.0	1321.0
5093.0	1472.0
5095.0	1957.0
5096.0	1071.0
5097.0	846.6666666666666
5098.0	1139.0
51.0	1673.5
510.0	1333.0
5100.0	956.0
5101.0	1211.0
5104.0	1226.0
5105.0	1920.0
5107.0	1703.3333333333333
5108.0	1358.5
511.0	1386.0
5110.0	1534.0
5113.0	2038.0
5114.0	1318.5
5116.0	705.0
5118.0	1633.5
5119.0	1988.6666666666667
512.0	1064.0
5120.0	718.0
5121.0	1683.5
5124.0	830.0
5127.0	2058.0
5129.0	1316.0
513.0	1925.6666666666667
5130.0	894.6666666666666
5131.0	553.0
5132.0	926.3333333333334
5134.0	2010.0
5135.0	529.0
5136.0	1827.5
5137.0	554.0
5138.0	1714.0
514.0	1506.0
5140.0	1659.0
5141.0	1852.0
5143.0	2001.0
5145.0	1022.0
5146.0	744.0
5147.0	1690.3333333333333
5149.0	2053.0
515.0	1641.5
5150.0	1151.5
5151.0	612.0
5152.0	2026.0
5155.0	1227.0
5157.0	843.0
5158.0	1340.5
5159.0	1489.5
516.0	852.5
5161.0	1758.0
5162.0	1517.0
5163.0	1525.0
5164.0	914.0
5166.0	1240.0
5168.0	1331.0
517.0	1456.3333333333333
5170.0	1449.5
5171.0	1277.5
5173.0	1818.0
5178.0	1103.0
5179.0	2037.0
518.0	987.0
5181.0	1487.5
5182.0	629.0
5183.0	2015.0
5185.0	1477.0
5186.0	1835.0
519.0	1612.8
5191.0	934.0
5192.0	1361.0
5193.0	613.0
5194.0	1624.5
5195.0	813.0
5196.0	1584.0
5198.0	1335.0
520.0	1488.0
5201.0	1625.5
5203.0	1936.0
5204.0	2050.0
5205.0	1194.5
5206.0	755.0
5207.0	801.0
5208.0	1252.0
521.0	975.2
5213.0	1294.6666666666667
5214.0	2114.0
5215.0	1491.0
5217.0	715.5
5218.0	905.0
522.0	1614.0
5220.0	1609.0
5221.0	1454.0
5222.0	1612.75
5224.0	1699.3333333333333
5225.0	1154.0
5227.0	1237.0
5228.0	902.0
5229.0	1102.3333333333333
523.0	1281.0
5231.0	1750.0
5232.0	605.0
5233.0	534.0
5234.0	1427.0
5235.0	1713.75
5236.0	1552.6666666666667
5237.0	1067.0
5238.0	703.5
5239.0	1201.0
524.0	1466.0
5240.0	1125.5
5244.0	1240.0
5245.0	1095.0
5246.0	1596.5
5247.0	1528.0
5248.0	1013.0
5249.0	1615.5
5250.0	1513.0
5251.0	1578.0
5252.0	1055.0
5253.0	1585.0
5254.0	1034.0
5255.0	1389.0
5256.0	1124.0
5258.0	1334.0
5259.0	1214.5
526.0	1385.5
5261.0	1773.0
5262.0	707.0
5263.0	1994.5
5264.0	892.0
5265.0	590.3333333333334
5266.0	1503.0
5267.0	1013.3333333333334
5269.0	1432.5
527.0	1224.3333333333333
5270.0	1127.5
5271.0	1364.5
5272.0	1240.0
5273.0	1340.0
5274.0	1510.0
5276.0	2136.0
5277.0	1731.0
5278.0	1450.0
5279.0	1173.5
528.0	933.25
5280.0	832.0
5282.0	1120.0
5283.0	1112.0
5284.0	1309.0
5287.0	1045.3333333333333
5289.0	1888.5
529.0	906.0
5290.0	2149.0
5293.0	851.0
5294.0	1729.5
5296.0	1432.0
5297.0	759.0
5298.0	1535.3333333333333
5299.0	1065.5
53.0	1290.5
530.0	1055.0
5301.0	2036.0
5302.0	943.0
5303.0	1409.3333333333333
5304.0	1086.75
5305.0	1756.0
5306.0	2237.0
5307.0	1850.0
5308.0	1517.5
5309.0	1772.5
531.0	1186.5
5310.0	1846.0
5311.0	1719.0
5312.0	1401.0
5313.0	1257.0
5314.0	1252.6666666666667
5315.0	981.5
5316.0	925.6666666666666
5317.0	1255.0
5318.0	1729.0
5319.0	1335.3333333333333
532.0	1484.0
5320.0	1373.3333333333333
5321.0	1352.6666666666667
5322.0	1079.5
5323.0	1261.25
5324.0	126.0
5326.0	2040.3333333333333
5327.0	1007.0
533.0	1578.75
5330.0	1178.5
5331.0	1432.6666666666667
5333.0	751.0
5334.0	1402.0
5336.0	531.0
5337.0	1753.0
5339.0	1119.5
5340.0	1332.0
5342.0	879.0
5343.0	2042.0
5345.0	1674.5
5347.0	998.0
5348.0	982.0
535.0	1881.0
5350.0	1693.0
5351.0	1226.0
5353.0	722.0
5354.0	1383.0
536.0	1298.0
5360.0	1418.0
5361.0	1830.0
5363.0	1458.0
5364.0	1228.0
5365.0	907.0
5366.0	1206.0
5368.0	1919.0
5369.0	1708.0
537.0	904.0
5370.0	1658.0
5371.0	2253.0
5372.0	2234.0
5373.0	1157.0
5374.0	1061.5
5377.0	1115.0
5378.0	1637.0
5379.0	1535.0
538.0	1255.25
5382.0	1767.5
5383.0	843.0
5384.0	1225.6666666666667
5385.0	622.0
5386.0	1538.0
5388.0	1129.5
5389.0	1375.3333333333333
539.0	1500.3333333333333
5390.0	1243.0
5391.0	1666.0
5393.0	838.0
5394.0	828.0
5398.0	1613.0
5399.0	1315.3333333333333
54.0	1104.0
540.0	1603.3333333333333
5400.0	1803.0
5401.0	1718.0
5402.0	1643.0
5404.0	1416.0
5406.0	1732.0
5408.0	2027.0
5409.0	1954.0
541.0	1565.0
5410.0	926.0
5411.0	1915.0
5414.0	615.0
5418.0	1294.0
5419.0	559.0
542.0	1951.3333333333333
5420.0	811.0
5421.0	666.0
5422.0	1481.5
5423.0	1237.0
5424.0	1642.0
5425.0	2309.0
5426.0	1724.0
5427.0	1519.6666666666667
5428.0	447.0
5429.0	1482.0
543.0	1477.75
5431.0	1401.6666666666667
5432.0	958.0
5433.0	1040.0
5434.0	602.0
5435.0	1857.5
5436.0	1053.0
5437.0	1306.0
5438.0	1433.5
5439.0	1400.0
544.0	833.5
5440.0	1379.25
5442.0	1237.0
5443.0	1790.0
5444.0	649.0
5445.0	654.0
5447.0	1606.6666666666667
5449.0	1252.0
545.0	10.0
5450.0	1373.6666666666667
5451.0	1083.25
5452.0	1580.75
5453.0	1121.0
5455.0	1821.5
5456.0	700.0
5457.0	596.0
5458.0	1274.5
5459.0	1501.0
546.0	922.0
5460.0	1713.0
5461.0	1518.5
5462.0	1105.0
5463.0	1475.0
5466.0	1600.5
5467.0	1040.0
5468.0	1343.0
547.0	1500.5
5471.0	830.0
5473.0	1301.5
5475.0	1583.0
5476.0	1029.0
5477.0	1634.0
548.0	1355.0
5481.0	1743.0
5483.0	1178.0
5484.0	1389.0
5486.0	1716.0
5487.0	1041.0
5488.0	1529.0
5489.0	1126.3333333333333
549.0	1678.3333333333333
5492.0	1882.0
5493.0	1596.0
5494.0	625.0
5495.0	625.0
5496.0	2133.0
5497.0	842.0
5498.0	1535.0
5499.0	1628.3333333333333
550.0	1174.0
5500.0	773.0
5501.0	1333.5
5502.0	1151.8
5503.0	1424.0
5504.0	1035.0
5505.0	1713.0
5506.0	1019.0
5507.0	2157.0
5509.0	2016.0
5510.0	2245.0
5511.0	1048.0
5512.0	1650.0
5513.0	695.25
5514.0	1210.0
5516.0	531.0
5518.0	657.0
5519.0	658.3333333333334
552.0	2010.5
5521.0	1396.5
5522.0	2118.0
5523.0	708.0
5526.0	1545.25
5527.0	1605.6666666666667
5528.0	1110.5
5529.0	1708.0
553.0	882.0
5530.0	1637.5
5531.0	1492.5
5532.0	2017.0
5534.0	931.5
5535.0	1403.0
5537.0	1471.3333333333333
554.0	1483.5
5541.0	1767.0
5542.0	809.0
5543.0	1103.0
5544.0	1267.0
5547.0	1508.5
5549.0	584.0
555.0	936.6666666666666
5550.0	1493.5
5552.0	1100.0
5555.0	1752.5
5558.0	1242.0
556.0	2055.5
5561.0	1267.0
5562.0	819.5
5564.0	1519.0
5566.0	1908.0
5567.0	1174.0
5568.0	935.0
557.0	648.0
5570.0	1153.0
5571.0	1706.0
5573.0	1170.3333333333333
5574.0	1227.5
5575.0	1904.0
5576.0	1248.0
5577.0	1515.0
5579.0	1301.0
558.0	1617.0
5581.0	1277.0
5582.0	1828.0
5584.0	1651.0
5585.0	2023.0
5586.0	1452.0
5587.0	1334.5
5588.0	1436.0
5589.0	1882.0
559.0	458.0
5590.0	2008.0
5591.0	1703.5
5592.0	1234.0
5593.0	1978.5
5594.0	1118.0
5595.0	755.0
5596.0	932.0
5598.0	1664.0
5599.0	1743.0
560.0	1286.3333333333333
5600.0	1383.3333333333333
5601.0	1504.0
5602.0	1190.0
5603.0	1209.6666666666667
5604.0	1154.0
5605.0	1076.3333333333333
5608.0	966.0
5609.0	836.0
561.0	1636.3333333333333
5610.0	1623.5
5611.0	1241.0
5612.0	1241.0
5613.0	1366.0
5614.0	1295.5
5615.0	1023.0
5616.0	1106.0
5618.0	2215.0
5619.0	1494.5
562.0	1093.6666666666667
5620.0	1232.0
5621.0	672.5
5622.0	1868.5
5623.0	1927.0
5624.0	1037.5
5625.0	1524.0
5626.0	737.0
5628.0	1740.0
5629.0	1936.0
563.0	1145.5
5630.0	1045.0
5633.0	1530.0
5634.0	1061.3333333333333
5635.0	2212.0
5637.0	1460.0
5638.0	1130.0
5639.0	1443.0
564.0	1428.0
5640.0	1538.0
5642.0	1153.0
5643.0	860.0
5644.0	1594.25
5646.0	650.0
5647.0	1044.0
5651.0	1253.0
5654.0	1752.5
5655.0	2074.6666666666665
5657.0	607.0
5658.0	1353.6666666666667
5659.0	863.4
566.0	1949.0
5660.0	1007.0
5661.0	1408.0
5662.0	1348.0
5663.0	841.0
5664.0	1207.0
5666.0	2071.5
5667.0	2004.0
5668.0	1633.0
5669.0	1429.0
567.0	1348.0
5670.0	955.0
5671.0	1429.3333333333333
5672.0	1495.3333333333333
5673.0	1124.0
5676.0	1332.0
5677.0	1008.5
5678.0	1124.5
5679.0	1944.0
568.0	1114.0
5680.0	1887.0
5681.0	1946.0
5682.0	1408.0
5685.0	1768.5
5688.0	1710.0
569.0	1625.75
5691.0	700.0
5692.0	1037.3333333333333
5694.0	1033.5
5695.0	1111.25
5697.0	834.0
57.0	2230.0
570.0	955.25
5700.0	1987.0
5701.0	692.0
5703.0	1155.0
5704.0	2045.5
5709.0	1924.0
571.0	1904.5
5710.0	2018.0
5711.0	803.0
5712.0	948.0
5713.0	1633.0
5718.0	1707.0
572.0	1695.0
5720.0	1626.0
5723.0	621.0
5724.0	1529.3333333333333
5726.0	1528.0
5728.0	1254.0
5729.0	1980.5
573.0	1516.2
5732.0	1243.0
5734.0	1746.0
5737.0	1399.0
574.0	2181.0
5741.0	755.0
5742.0	505.0
5743.0	1727.0
5744.0	1102.3333333333333
5745.0	1079.0
5746.0	1855.0
5748.0	1242.0
5749.0	605.0
575.0	1678.6666666666667
5750.0	945.0
5753.0	1739.0
5755.0	1055.0
5758.0	1204.0
5759.0	750.0
5760.0	1213.0
5764.0	858.0
5765.0	804.0
5766.0	555.0
577.0	1776.6666666666667
5770.0	627.0
5772.0	841.0
5773.0	1536.0
5774.0	1440.0
5775.0	2122.0
5779.0	2048.5
5780.0	843.0
5784.0	993.0
5785.0	727.0
5786.0	1416.0
5789.0	1713.0
5791.0	1084.0
5796.0	1359.6666666666667
5798.0	1700.0
58.0	906.0
580.0	911.0
5801.0	722.0
5802.0	1504.0
5804.0	557.0
5805.0	1011.0
581.0	1457.0
5812.0	1327.0
5813.0	718.0
582.0	1657.0
5821.0	1500.0
5823.0	1633.0
5826.0	1027.0
5829.0	1639.0
5832.0	1136.0
5834.0	1150.0
5835.0	1357.0
5838.0	1912.0
5839.0	518.0
584.0	1200.0
5841.0	2056.0
5845.0	659.0
5849.0	1547.0
585.0	2342.5
5850.0	1531.0
5851.0	1401.0
5852.0	1132.0
5854.0	1337.0
5858.0	1346.0
5860.0	1031.0
5861.0	1803.5
5863.0	949.0
5867.0	1256.0
5874.0	1748.0
5876.0	938.0
5877.0	1007.0
5879.0	1749.0
588.0	904.0
5882.0	611.0
5885.0	1453.0
5886.0	1742.0
5888.0	2001.0
5889.0	1325.0
589.0	1603.0
5891.0	1442.0
5893.0	1029.0
5896.0	1305.0
5897.0	742.0
59.0	874.25
5903.0	1608.0
5904.0	719.0
5906.0	733.0
591.0	848.0
5911.0	1425.0
5913.0	1748.0
5918.0	1006.0
592.0	1063.0
5929.0	1703.0
593.0	738.0
5931.0	923.0
5933.0	2359.0
5934.0	1242.0
594.0	1938.0
5940.0	1954.0
5948.0	1124.0
5949.0	1814.0
595.0	1145.0
5951.0	1850.0
5955.0	1069.0
5957.0	932.6666666666666
5959.0	2039.0
596.0	850.0
5961.0	1312.0
5962.0	1594.5
5964.0	2355.0
597.0	1304.3333333333333
5972.0	1028.0
598.0	973.0
5987.0	1512.0
599.0	1054.0
5997.0	812.0
6.0	728.0
60.0	1267.0
600.0	839.0
6000.0	1112.0
6003.0	1539.0
601.0	766.6666666666666
602.0	1813.0
603.0	1452.0
604.0	1294.5
605.0	649.0
6050.0	851.0
6055.0	1205.0
606.0	1687.0
607.0	1834.0
608.0	1195.0
609.0	1228.0
6097.0	1424.0
6098.0	1743.0
61.0	1111.0
610.0	1330.0
611.0	855.0
6116.0	1620.0
612.0	558.0
6122.0	1110.0
6123.0	1826.0
613.0	557.0
6130.0	923.0
6135.0	1901.0
6139.0	1613.0
614.0	919.3333333333334
615.0	1641.0
6154.0	2153.0
616.0	1321.0
617.0	1906.3333333333333
6170.0	1121.0
618.0	1120.5
6183.0	1944.0
6185.0	1749.0
6193.0	713.0
6194.0	706.0
62.0	1986.75
6200.0	679.3333333333334
6202.0	654.0
6203.0	1035.0
6207.0	1957.0
6208.0	943.0
6209.0	1627.0
621.0	2111.0
6212.0	2237.0
6214.0	1413.0
6216.0	1126.0
622.0	1792.5
6223.0	1571.5
6224.0	538.0
6226.0	1805.0
6229.0	1720.0
623.0	1500.0
6230.0	753.0
6231.0	709.0
6232.0	1328.5
6233.0	1248.0
6234.0	1252.0
6236.0	865.5
624.0	1771.5
6242.0	625.0
6244.0	1643.0
6245.0	1907.0
6247.0	1414.0
6248.0	2017.0
6249.0	1929.0
625.0	610.0
626.0	2322.0
627.0	1525.0
6271.0	53.0
6273.0	1928.0
6274.0	1667.0
6275.0	1019.0
6277.0	1923.0
628.0	1624.0
6286.0	1820.0
6289.0	1061.5
629.0	866.3333333333334
6299.0	1303.0
63.0	900.0
630.0	2038.0
6302.0	1225.0
6307.0	932.0
6308.0	1423.0
6310.0	523.0
6313.0	2113.0
632.0	915.5
6320.0	1831.0
6322.0	1854.0
6327.0	811.0
6328.0	536.0
633.0	1625.0
6333.0	2241.0
6334.0	2148.0
6339.0	2128.0
634.0	1662.0
6342.0	1541.0
6348.0	1018.0
635.0	1014.0
6352.0	2116.0
6354.0	808.0
636.0	1028.0
6365.0	1102.0
6368.0	2204.0
6370.0	1603.0
638.0	1360.6666666666667
6387.0	1748.0
639.0	649.0
6394.0	939.0
64.0	1271.5
640.0	1362.6666666666667
641.0	1493.0
642.0	1753.0
6428.0	1719.0
643.0	1532.0
6437.0	1425.0
644.0	2331.0
645.0	2311.0
6454.0	1902.0
646.0	1552.0
6462.0	1617.0
647.0	868.5
6474.0	2022.0
6477.0	1243.0
648.0	1527.0
6481.0	1958.0
649.0	1273.75
6499.0	938.0
65.0	1617.0
650.0	1023.0
6504.0	1617.0
6507.0	1758.0
651.0	1214.75
652.0	399.0
6527.0	1602.0
653.0	1097.25
6533.0	1913.0
654.0	701.0
6545.0	753.0
655.0	1569.6
6566.0	1209.0
657.0	1124.0
6580.0	1123.0
6582.0	1520.0
66.0	1846.0
660.0	1530.75
661.0	1533.5
662.0	813.0
663.0	904.0
664.0	1095.6666666666667
665.0	1143.0
6655.0	2158.0
667.0	1855.0
668.0	1335.0
669.0	1309.8
670.0	1518.6666666666667
6710.0	1202.0
672.0	1479.5
673.0	1490.0
674.0	1137.3333333333333
675.0	1392.0
676.0	1934.5
677.0	1776.4
678.0	1191.5
679.0	2025.0
680.0	1195.8333333333333
681.0	787.5
6816.0	745.0
682.0	1153.6
683.0	1558.0
684.0	1649.6
686.0	1282.0
687.0	1370.0
688.0	1420.3333333333333
689.0	1745.0
69.0	743.0
690.0	1238.5
692.0	1450.8333333333333
693.0	1368.0
694.0	1658.0
695.0	516.0
696.0	1264.5
697.0	1724.5714285714287
698.0	547.3333333333334
699.0	1847.0
7.0	712.5
70.0	1366.0
700.0	1550.125
701.0	1571.0
702.0	1201.6666666666667
703.0	532.0
704.0	1256.0
705.0	1795.3333333333333
706.0	1740.5
707.0	1900.0
709.0	1490.0
71.0	1384.0
710.0	899.5
711.0	1448.25
712.0	1418.0
714.0	1485.0
715.0	1417.1666666666667
716.0	734.0
717.0	1859.0
719.0	1461.6
72.0	557.0
720.0	1600.0
722.0	1303.0
723.0	808.0
725.0	1473.6666666666667
726.0	1141.0
727.0	2047.0
728.0	1149.0
729.0	1540.0
73.0	738.0
730.0	1776.5
731.0	1028.5
732.0	1440.0
733.0	1239.3333333333333
734.0	1258.75
735.0	1099.0
736.0	520.0
737.0	1408.3333333333333
738.0	1562.2
739.0	1460.2
740.0	1152.5
741.0	1103.0
742.0	1041.6666666666667
743.0	1353.75
744.0	1106.3333333333333
745.0	715.0
746.0	1016.75
747.0	1026.3333333333333
749.0	1265.0
75.0	2346.0
750.0	1076.0
751.0	1304.0
752.0	1714.5
753.0	1750.0
754.0	1640.6666666666667
755.0	1403.3333333333333
756.0	758.0
757.0	1854.0
758.0	994.0
759.0	1351.0
76.0	584.0
760.0	1221.0
761.0	1315.0
762.0	1469.6666666666667
763.0	1558.5
764.0	2007.0
765.0	2160.6666666666665
767.0	1120.0
768.0	1198.25
769.0	1573.6666666666667
77.0	1970.3333333333333
770.0	1892.5
771.0	1553.0
772.0	870.0
773.0	1738.0
774.0	1124.6666666666667
775.0	1522.0
777.0	1207.5
778.0	725.0
779.0	2148.0
780.0	1180.5
781.0	829.0
783.0	1038.0
784.0	1509.0
785.0	835.0
786.0	740.0
787.0	1549.0
788.0	1414.5
789.0	1327.0
79.0	1105.0
790.0	639.5
791.0	967.6
794.0	1393.0
795.0	1148.0
796.0	920.3333333333334
797.0	591.5
798.0	1663.1666666666667
799.0	2033.0
80.0	1366.3333333333333
800.0	1081.3333333333333
801.0	1114.5
802.0	735.5
803.0	1125.0
804.0	815.0
805.0	1752.5
806.0	1201.6666666666667
807.0	2024.0
808.0	1105.5
809.0	1383.0
810.0	2045.5
811.0	1736.0
812.0	758.0
813.0	1477.6
814.0	1295.25
815.0	1628.5
816.0	930.5
818.0	1612.0
819.0	1725.5
82.0	1793.3333333333333
820.0	815.2
821.0	1255.0
823.0	1525.0
825.0	1057.0
826.0	1828.5
827.0	1370.0
828.0	1900.0
829.0	1056.0
83.0	1364.5
831.0	1534.5
832.0	1736.0
834.0	1218.6666666666667
835.0	1219.25
836.0	1615.6666666666667
837.0	958.0
838.0	1656.0
839.0	1431.0
84.0	1600.0
840.0	1525.5
841.0	1557.0
843.0	930.0
844.0	812.5
845.0	1473.0
846.0	1134.8
848.0	1329.0
849.0	1016.0
85.0	550.0
851.0	802.0
852.0	1502.0
853.0	1609.0
854.0	1103.5
855.0	2050.0
856.0	935.0
859.0	613.0
86.0	1624.5
860.0	763.0
861.0	868.3333333333334
862.0	1333.0
865.0	748.0
866.0	1557.0
867.0	1252.1666666666667
868.0	1245.75
869.0	1149.75
870.0	926.0
871.0	1089.3333333333333
872.0	2244.0
873.0	854.0
874.0	1180.0
875.0	1310.0
876.0	1739.0
877.0	1529.5
8771.0	718.0
878.0	960.0
879.0	1913.0
88.0	1633.0
880.0	2215.0
881.0	1449.5
882.0	1036.3333333333333
884.0	766.5
885.0	1103.0
886.0	859.0
888.0	655.0
889.0	844.0
89.0	1342.0
891.0	2121.5
892.0	517.0
893.0	1229.5
894.0	1420.6
895.0	1007.0
898.0	1273.0
899.0	1058.5
9.0	1256.6666666666667
90.0	581.5
901.0	978.0
902.0	1812.0
903.0	1707.75
904.0	1605.0
905.0	1227.0
906.0	1413.0
907.0	815.0
908.0	958.6666666666666
909.0	1237.0
910.0	1274.25
911.0	1627.0
913.0	1450.0
914.0	1326.0
915.0	832.0
916.0	866.0
918.0	605.0
919.0	1716.0
92.0	1233.0
920.0	647.0
922.0	802.0
923.0	673.3333333333334
924.0	1786.5
925.0	57.0
927.0	1322.3333333333333
928.0	934.0
930.0	1006.0
931.0	1235.0
932.0	1313.0
933.0	1245.6666666666667
934.0	982.5
935.0	1154.6666666666667
936.0	707.0
937.0	941.0
938.0	1357.0
939.0	1203.0
94.0	747.0
941.0	1105.0
942.0	1508.25
943.0	969.0
944.0	1423.0
945.0	1301.5
947.0	1857.0
948.0	1475.5
949.0	1400.0
95.0	2209.0
950.0	1930.0
952.0	1545.0
953.0	1102.0
955.0	2200.0
956.0	1041.5
957.0	1753.3333333333333
958.0	794.3333333333334
959.0	956.6666666666666
960.0	2025.0
961.0	1284.75
962.0	1386.0
963.0	1455.0
964.0	1520.5
965.0	623.0
966.0	1320.0
968.0	1582.0
97.0	2114.0
970.0	556.0
971.0	1229.0
972.0	1618.0
973.0	872.5
974.0	1456.0
975.0	1484.3333333333333
976.0	1256.0
977.0	1312.0
978.0	1504.6666666666667
979.0	735.0
980.0	1092.0
981.0	725.0
983.0	1637.0
985.0	701.0
986.0	1631.75
989.0	1812.0
99.0	1949.0
991.0	1278.2
992.0	808.0
993.0	1059.0
994.0	1629.5
995.0	1618.0
996.0	1554.0
998.0	1049.0
